0 0.150390625 0.03333333333333333 0.27265625 0.06666666666666667
0 0.6136718750000001 0.7541666666666667 0.03515625 0.3388888888888889
0 0.54453125 0.820138888888889 0.15937500000000002 0.08472222222222223
0 0.78828125 0.8631944444444445 0.33125000000000004 0.05694444444444444
0 0.298828125 0.6826388888888889 0.29609375 0.22916666666666669
2 0.467578125 0.5125000000000001 0.92734375 0.04722222222222222
1 0.6355468750000001 0.9583333333333334 0.02109375 0.06666666666666667
1 0.6156250000000001 0.5534722222222223 0.0234375 0.05694444444444444
1 0.6058593750000001 0.22847222222222224 0.022656250000000003 0.08194444444444444
1 0.603125 0.4375 0.018750000000000003 0.04722222222222222
1 0.29531250000000003 0.3770833333333333 0.035937500000000004 0.0625
0 0.6003906250000001 0.3451388888888889 0.013281250000000001 0.13472222222222222
0 0.6175781250000001 0.08819444444444445 0.022656250000000003 0.1763888888888889
0 0.5945312500000001 0.5520833333333334 0.0125 0.04027777777777778
0 0.5964843750000001 0.4777777777777778 0.01171875 0.036111111111111115
0 0.6109375 0.47847222222222224 0.009375000000000001 0.029166666666666667
