0 0.6546875000000001 0.24305555555555555 0.1703125 0.4861111111111111
0 0.712109375 0.775 0.08046875 0.44722222222222224
0 0.7660156250000001 0.8506944444444445 0.02890625 0.23750000000000002
0 0.583984375 0.6868055555555556 0.05078125 0.39305555555555555
0 0.38593750000000004 0.21736111111111112 0.0234375 0.20694444444444446
0 0.421875 0.18611111111111112 0.029687500000000002 0.20555555555555557
0 0.172265625 0.15694444444444444 0.030468750000000003 0.24444444444444446
0 0.5164062500000001 0.27083333333333337 0.0484375 0.45833333333333337
0 0.44257812500000004 0.7652777777777778 0.032031250000000004 0.26666666666666666
0 0.535546875 0.9166666666666667 0.02421875 0.1638888888888889
0 0.568359375 0.9486111111111112 0.01953125 0.1
0 0.54609375 0.6652777777777779 0.0328125 0.3277777777777778
1 0.43828125 0.044444444444444446 0.059375000000000004 0.08888888888888889
0 0.42695312500000004 0.3138888888888889 0.02734375 0.03888888888888889
0 0.41132812500000004 0.44097222222222227 0.025781250000000002 0.1736111111111111
1 0.266796875 0.14583333333333334 0.032031250000000004 0.061111111111111116
1 0.17695312500000002 0.01388888888888889 0.01640625 0.02777777777777778
