0 0.679296875 0.6631944444444444 0.02421875 0.6708333333333334
0 0.817578125 0.7229166666666667 0.28203125 0.04027777777777778
0 0.48281250000000003 0.6777777777777778 0.0203125 0.6416666666666667
0 0.6351562500000001 0.14791666666666667 0.034375 0.28194444444444444
0 0.10703125000000001 0.40208333333333335 0.115625 0.04027777777777778
0 0.32421875 0.6756944444444445 0.053125000000000006 0.6458333333333334
0 0.25390625 0.2388888888888889 0.15156250000000002 0.20277777777777778
0 0.33828125000000003 0.07083333333333333 0.028125 0.1388888888888889
0 0.34882812500000004 0.24861111111111112 0.02734375 0.19444444444444445
0 0.48945312500000004 0.06944444444444445 0.27265625 0.1388888888888889
0 0.496875 0.2125 0.026562500000000003 0.14722222222222223
2 0.48867187500000003 0.34652777777777777 0.8929687500000001 0.04861111111111111
1 0.77265625 0.9270833333333334 0.018750000000000003 0.02638888888888889
