0 0.0484375 0.45555555555555555 0.060937500000000006 0.5166666666666667
0 0.18125000000000002 0.3729166666666667 0.1875 0.05694444444444444
0 0.283203125 0.31319444444444444 0.03828125 0.6097222222222223
0 0.31757812500000004 0.5972222222222222 0.022656250000000003 0.2638888888888889
0 0.342578125 0.86875 0.04609375 0.25416666666666665
0 0.636328125 0.3451388888888889 0.04296875 0.6902777777777778
1 0.53046875 0.2777777777777778 0.021875000000000002 0.036111111111111115
1 0.547265625 0.35833333333333334 0.02734375 0.05277777777777778
1 0.812109375 0.3340277777777778 0.02109375 0.051388888888888894
1 0.35546875 0.23750000000000002 0.026562500000000003 0.036111111111111115
2 0.49335937500000004 0.7305555555555556 0.8757812500000001 0.05277777777777778
