0 0.24765625000000002 0.3284722222222222 0.045312500000000006 0.6541666666666667
0 0.616796875 0.28958333333333336 0.06484375 0.5680555555555555
0 0.42109375000000004 0.10625 0.045312500000000006 0.2125
0 0.5140625 0.17500000000000002 0.1421875 0.044444444444444446
0 0.339453125 0.09444444444444444 0.13046875 0.06944444444444445
0 0.7406250000000001 0.14444444444444446 0.178125 0.05555555555555556
0 0.7515625 0.4451388888888889 0.1953125 0.0763888888888889
0 0.7429687500000001 0.5055555555555555 0.0234375 0.09166666666666667
0 0.7074218750000001 0.7263888888888889 0.03671875 0.28611111111111115
0 0.676953125 0.95625 0.013281250000000001 0.08472222222222223
0 0.404296875 0.4375 0.047656250000000004 0.4416666666666667
2 0.29453125 0.37777777777777777 0.060937500000000006 0.03888888888888889
0 0.203125 0.7229166666666667 0.28750000000000003 0.0763888888888889
2 0.18085937500000002 0.3423611111111111 0.11640625 0.09861111111111112
2 0.475390625 0.9326388888888889 0.79609375 0.07916666666666666
0 0.591796875 0.6201388888888889 0.17421875 0.07083333333333333
0 0.35859375000000004 0.5513888888888889 0.03125 0.20277777777777778
0 0.45390625 0.44027777777777777 0.0546875 0.4305555555555556
0 0.484375 0.7937500000000001 0.0171875 0.24027777777777778
0 0.24960937500000002 0.8423611111111111 0.017968750000000002 0.14583333333333334
0 0.792578125 0.8340277777777778 0.01171875 0.1375
0 0.41835937500000003 0.6756944444444445 0.12265625000000001 0.029166666666666667
0 0.359375 0.7875 0.03125 0.18055555555555555
