0 0.15195312500000002 0.4131944444444445 0.02890625 0.8041666666666667
0 0.18476562500000002 0.3701388888888889 0.039843750000000004 0.2152777777777778
0 0.19687500000000002 0.8125 0.0671875 0.37222222222222223
0 0.283984375 0.41111111111111115 0.05859375 0.8194444444444445
0 0.278515625 0.888888888888889 0.06796875000000001 0.12222222222222223
0 0.357421875 0.9166666666666667 0.07890625000000001 0.1638888888888889
0 0.362890625 0.41875 0.09609375 0.8375
0 0.46718750000000003 0.7756944444444445 0.11406250000000001 0.04027777777777778
0 0.505078125 0.20833333333333334 0.030468750000000003 0.41111111111111115
0 0.65625 0.7402777777777778 0.225 0.06666666666666667
2 0.09609375 0.5097222222222222 0.0765625 0.025
2 0.4078125 0.44930555555555557 0.18906250000000002 0.043055555555555555
0 0.516015625 0.5875 0.02421875 0.3055555555555556
2 0.21054687500000002 0.48958333333333337 0.08203125 0.020833333333333336
2 0.637890625 0.3979166666666667 0.24609375 0.05694444444444444
0 0.5339843750000001 0.8847222222222223 0.017968750000000002 0.22777777777777777
