1 0.17109375000000002 0.12430555555555556 0.03125 0.05416666666666667
1 0.168359375 0.3652777777777778 0.03828125 0.12222222222222223
1 0.13398437500000002 0.7826388888888889 0.047656250000000004 0.0375
1 0.201171875 0.7729166666666667 0.03671875 0.051388888888888894
1 0.18476562500000002 0.9666666666666667 0.02890625 0.0638888888888889
2 0.39101562500000003 0.7368055555555556 0.32734375000000004 0.07083333333333333
2 0.0546875 0.8006944444444445 0.1046875 0.0375
0 0.18320312500000002 0.8590277777777778 0.01171875 0.1486111111111111
0 0.190234375 0.6020833333333333 0.03828125 0.32083333333333336
0 0.16875 0.23750000000000002 0.0171875 0.13611111111111113
0 0.17734375000000002 0.05694444444444444 0.035937500000000004 0.09444444444444444
1 0.025 0.9180555555555556 0.029687500000000002 0.04166666666666667
0 0.2015625 0.8506944444444445 0.025 0.1486111111111111
1 0.630078125 0.701388888888889 0.13046875 0.05
1 0.7621093750000001 0.6715277777777778 0.06640625 0.0375
2 0.7109375 0.6777777777777778 0.029687500000000002 0.022222222222222223
2 0.813671875 0.6611111111111111 0.03359375 0.01388888888888889
