0 0.20273437500000002 0.5020833333333333 0.09921875000000001 0.9930555555555556
0 0.10625000000000001 0.5520833333333334 0.0890625 0.6625
0 0.135546875 0.96875 0.025781250000000002 0.059722222222222225
0 0.30195312500000004 0.6256944444444444 0.10234375000000001 0.059722222222222225
0 0.26953125 0.24791666666666667 0.029687500000000002 0.08472222222222223
0 0.31562500000000004 0.16319444444444445 0.0703125 0.3236111111111111
0 0.38710937500000003 0.5 0.07421875 0.9972222222222222
0 0.467578125 0.9055555555555556 0.08984375 0.03888888888888889
0 0.4703125 0.1277777777777778 0.0921875 0.030555555555555558
0 0.544921875 0.49930555555555556 0.05859375 0.9986111111111111
0 0.6734375 0.09861111111111112 0.19687500000000002 0.058333333333333334
0 0.6761718750000001 0.701388888888889 0.18671875000000002 0.058333333333333334
1 0.4578125 0.011111111111111112 0.015625 0.022222222222222223
