0 0.37109375 0.5048611111111111 0.09843750000000001 0.9875
0 0.4703125 0.36388888888888893 0.05 0.7277777777777779
0 0.505859375 0.49930555555555556 0.05234375 0.9986111111111111
0 0.571875 0.6083333333333334 0.053125000000000006 0.7805555555555556
0 0.603515625 0.2847222222222222 0.06328125 0.5694444444444444
1 0.782421875 0.17500000000000002 0.02734375 0.07777777777777778
0 0.645703125 0.8923611111111112 0.025781250000000002 0.2125
0 0.228515625 0.9361111111111111 0.09140625000000001 0.11111111111111112
0 0.15585937500000002 0.8097222222222222 0.014843750000000001 0.13333333333333333
0 0.6550781250000001 0.1076388888888889 0.05390625 0.2152777777777778
