0 0.29296875 0.23611111111111113 0.0203125 0.46944444444444444
0 0.420703125 0.2777777777777778 0.04453125 0.5555555555555556
0 0.25429687500000003 0.4618055555555556 0.09453125000000001 0.043055555555555555
0 0.5710937500000001 0.42986111111111114 0.2625 0.09305555555555556
0 0.34882812500000004 0.8645833333333334 0.03359375 0.26805555555555555
2 0.6179687500000001 0.27083333333333337 0.13593750000000002 0.04722222222222222
0 0.7152343750000001 0.18888888888888888 0.025781250000000002 0.2638888888888889
0 0.69453125 0.2673611111111111 0.015625 0.04861111111111111
2 0.7914062500000001 0.3125 0.1203125 0.08055555555555556
0 0.727734375 0.6333333333333333 0.039843750000000004 0.5472222222222223
2 0.8015625000000001 0.42708333333333337 0.1421875 0.07083333333333333
0 0.606640625 0.9291666666666667 0.18359375 0.1
0 0.431640625 0.6486111111111111 0.06328125 0.17222222222222222
0 0.35468750000000004 0.47500000000000003 0.08750000000000001 0.02777777777777778
0 0.37109375 0.6472222222222223 0.0546875 0.16111111111111112
0 0.321875 0.6027777777777777 0.0390625 0.24166666666666667
