0 0.155078125 0.3229166666666667 0.06328125 0.30972222222222223
0 0.23554687500000002 0.5041666666666667 0.05078125 0.9888888888888889
0 0.31484375000000003 0.1125 0.1046875 0.05
0 0.40742187500000004 0.49930555555555556 0.07109375 0.9986111111111111
0 0.362890625 0.920138888888889 0.030468750000000003 0.15694444444444444
0 0.31679687500000003 0.6965277777777779 0.11640625 0.0763888888888889
0 0.31367187500000004 0.375 0.10546875 0.09444444444444444
0 0.139453125 0.9395833333333333 0.14296875 0.11805555555555557
1 0.07382812500000001 0.46458333333333335 0.00703125 0.015277777777777779
0 0.58359375 0.5013888888888889 0.06875 0.9944444444444445
0 0.5109375 0.7541666666666667 0.1640625 0.04722222222222222
0 0.48359375000000004 0.9666666666666667 0.08281250000000001 0.044444444444444446
0 0.71796875 0.7347222222222223 0.2015625 0.075
0 0.6917968750000001 0.1951388888888889 0.17421875 0.034722222222222224
0 0.494140625 0.1701388888888889 0.10546875 0.043055555555555555
