0 0.31640625 0.22916666666666669 0.05625 0.45555555555555555
0 0.384375 0.23750000000000002 0.0671875 0.4444444444444445
0 0.23203125000000002 0.19722222222222224 0.13593750000000002 0.03888888888888889
0 0.5328125 0.15555555555555556 0.1859375 0.08333333333333334
0 0.77265625 0.03402777777777778 0.1203125 0.06805555555555556
0 0.762890625 0.18472222222222223 0.19296875000000002 0.09166666666666667
0 0.7230468750000001 0.42291666666666666 0.041406250000000006 0.33472222222222225
0 0.358203125 0.7361111111111112 0.03359375 0.525
0 0.266796875 0.9583333333333334 0.02109375 0.08055555555555556
0 0.603125 0.6534722222222222 0.19687500000000002 0.10694444444444445
0 0.794140625 0.6715277777777778 0.16171875000000002 0.12916666666666668
0 0.447265625 0.40902777777777777 0.05390625 0.21805555555555556
0 0.480078125 0.2777777777777778 0.07109375 0.075
