0 0.3515625 0.4277777777777778 0.06406250000000001 0.8555555555555556
0 0.258984375 0.64375 0.03671875 0.43194444444444446
0 0.435546875 0.9277777777777778 0.030468750000000003 0.14166666666666666
0 0.5320312500000001 0.15416666666666667 0.0484375 0.29444444444444445
0 0.575390625 0.5458333333333334 0.02890625 0.5555555555555556
0 0.70078125 0.23472222222222222 0.1703125 0.08055555555555556
2 0.1859375 0.8881944444444445 0.36875 0.07083333333333333
0 0.38046875 0.9319444444444445 0.018750000000000003 0.13333333333333333
2 0.487109375 0.8388888888888889 0.18515625000000002 0.03333333333333333
2 0.7214843750000001 0.8125 0.23828125 0.04166666666666667
0 0.59765625 0.9159722222222223 0.0140625 0.16527777777777777
