0 0.38007812500000004 0.37569444444444444 0.03671875 0.7513888888888889
0 0.483203125 0.3013888888888889 0.03515625 0.6027777777777777
0 0.570703125 0.38333333333333336 0.03515625 0.7583333333333334
2 0.08867187500000001 0.7173611111111111 0.17109375000000002 0.034722222222222224
0 0.19140625 0.3597222222222222 0.0390625 0.7166666666666667
0 0.258984375 0.12986111111111112 0.02734375 0.2013888888888889
0 0.194140625 0.795138888888889 0.017968750000000002 0.14583333333333334
0 0.5453125 0.3145833333333333 0.037500000000000006 0.029166666666666667
0 0.32265625000000003 0.2534722222222222 0.0390625 0.02638888888888889
0 0.416796875 0.8729166666666667 0.049218750000000006 0.2513888888888889
0 0.568359375 0.8805555555555555 0.041406250000000006 0.23611111111111113
2 0.30000000000000004 0.7354166666666667 0.16562500000000002 0.02361111111111111
2 0.4734375 0.7486111111111111 0.146875 0.030555555555555558
2 0.6609375000000001 0.7708333333333334 0.1421875 0.030555555555555558
