0 0.34140625 0.1638888888888889 0.029687500000000002 0.3277777777777778
2 0.268359375 0.3506944444444445 0.13671875 0.04027777777777778
0 0.20273437500000002 0.6791666666666667 0.057031250000000006 0.638888888888889
0 0.36953125000000003 0.6680555555555556 0.05625 0.6583333333333333
0 0.45039062500000004 0.39583333333333337 0.02109375 0.14166666666666666
0 0.476171875 0.8701388888888889 0.030468750000000003 0.2569444444444445
0 0.503125 0.5069444444444444 0.035937500000000004 0.3805555555555556
0 0.5925781250000001 0.14097222222222222 0.03359375 0.2763888888888889
0 0.5886718750000001 0.6423611111111112 0.05859375 0.7125
0 0.47421875 0.09166666666666667 0.018750000000000003 0.06666666666666667
0 0.4421875 0.08611111111111111 0.028125 0.16111111111111112
0 0.459765625 0.23541666666666666 0.022656250000000003 0.15972222222222224
2 0.40078125000000003 0.325 0.078125 0.022222222222222223
0 0.4921875 0.25625000000000003 0.0140625 0.09027777777777778
2 0.526953125 0.29930555555555555 0.05390625 0.020833333333333336
2 0.651953125 0.2604166666666667 0.09140625000000001 0.03194444444444445
