0 0.095703125 0.19791666666666669 0.05078125 0.39583333333333337
0 0.14765625000000002 0.6041666666666667 0.0734375 0.5750000000000001
0 0.2265625 0.5381944444444444 0.07187500000000001 0.4986111111111111
0 0.359375 0.17430555555555557 0.0234375 0.3375
0 0.37539062500000003 0.6208333333333333 0.03828125 0.5638888888888889
2 0.325 0.9020833333333333 0.628125 0.04583333333333334
0 0.19257812500000002 0.1513888888888889 0.047656250000000004 0.2833333333333333
0 0.384375 0.9527777777777778 0.021875000000000002 0.09166666666666667
0 0.11406250000000001 0.9534722222222223 0.0125 0.09027777777777778
0 0.1546875 0.9611111111111111 0.018750000000000003 0.075
0 0.236328125 0.9493055555555556 0.00859375 0.07916666666666666
