0 0.61328125 0.6590277777777778 0.0390625 0.6791666666666667
0 0.376953125 0.4729166666666667 0.03828125 0.9458333333333334
2 0.177734375 0.34375 0.35390625000000003 0.034722222222222224
0 0.6253906250000001 0.15555555555555556 0.03671875 0.3111111111111111
0 0.45859375 0.6652777777777779 0.05625 0.6638888888888889
0 0.7527343750000001 0.9645833333333333 0.025781250000000002 0.06805555555555556
0 0.79296875 0.9569444444444445 0.034375 0.08333333333333334
1 0.870703125 0.9527777777777778 0.03671875 0.061111111111111116
0 0.343359375 0.8340277777777778 0.017968750000000002 0.22083333333333335
2 0.494921875 0.32222222222222224 0.19765625 0.019444444444444445
2 0.7507812500000001 0.30625 0.215625 0.02361111111111111
