0 0.46953125 0.46319444444444446 0.060937500000000006 0.9208333333333334
0 0.36875 0.6444444444444445 0.053125000000000006 0.513888888888889
0 0.26015625000000003 0.6680555555555556 0.06875 0.4166666666666667
0 0.215234375 0.5513888888888889 0.03828125 0.17222222222222222
0 0.572265625 0.7076388888888889 0.047656250000000004 0.4652777777777778
2 0.15000000000000002 0.8548611111111112 0.140625 0.04583333333333334
0 0.16328125000000002 0.9319444444444445 0.028125 0.13333333333333333
2 0.31015625 0.8909722222222223 0.0625 0.02361111111111111
0 0.25039062500000003 0.9409722222222222 0.030468750000000003 0.11527777777777778
0 0.34218750000000003 0.9527777777777778 0.021875000000000002 0.09166666666666667
2 0.405078125 0.9145833333333334 0.06328125 0.020833333333333336
2 0.6195312500000001 0.96875 0.2328125 0.059722222222222225
0 0.470703125 0.9659722222222222 0.01171875 0.06527777777777778
