0 0.26484375 0.13333333333333333 0.037500000000000006 0.2555555555555556
0 0.185546875 0.17569444444444446 0.030468750000000003 0.2263888888888889
0 0.32265625000000003 0.125 0.0390625 0.24166666666666667
0 0.36054687500000004 0.3090277777777778 0.02734375 0.12638888888888888
0 0.373828125 0.14722222222222223 0.03828125 0.19722222222222224
0 0.41054687500000003 0.61875 0.09140625000000001 0.7597222222222223
0 0.27421875 0.6326388888888889 0.0328125 0.7319444444444445
0 0.508984375 0.09166666666666667 0.03359375 0.16944444444444445
0 0.591796875 0.1375 0.032031250000000004 0.10833333333333334
0 0.61328125 0.2729166666666667 0.037500000000000006 0.16527777777777777
0 0.633984375 0.7131944444444445 0.08515625 0.5569444444444445
2 0.133203125 0.30972222222222223 0.06171875 0.036111111111111115
2 0.228515625 0.2743055555555556 0.057031250000000006 0.018055555555555557
2 0.30625 0.25625000000000003 0.0421875 0.009722222222222222
2 0.49726562500000004 0.21319444444444446 0.20703125 0.051388888888888894
2 0.666015625 0.17569444444444446 0.11640625 0.029166666666666667
