0 0.43984375000000003 0.3680555555555556 0.0703125 0.7361111111111112
0 0.47773437500000004 0.86875 0.04609375 0.25972222222222224
0 0.6742187500000001 0.8215277777777779 0.10625000000000001 0.3541666666666667
0 0.5808593750000001 0.31736111111111115 0.09453125000000001 0.6347222222222223
0 0.702734375 0.2743055555555556 0.13046875 0.5458333333333334
0 0.23945312500000002 0.763888888888889 0.032031250000000004 0.18888888888888888
0 0.27773437500000003 0.9333333333333333 0.05234375 0.13055555555555556
0 0.2015625 0.9631944444444445 0.028125 0.07083333333333333
2 0.18046875 0.8930555555555556 0.146875 0.08055555555555556
0 0.28125 0.5222222222222223 0.2734375 0.07222222222222223
2 0.355078125 0.7965277777777778 0.20078125000000002 0.1125
2 0.541015625 0.6875 0.16015625 0.10555555555555556
2 0.6976562500000001 0.5930555555555556 0.1453125 0.08888888888888889
2 0.856640625 0.4979166666666667 0.17578125 0.10138888888888889
0 0.609375 0.8618055555555556 0.0234375 0.23472222222222222
