0 0.268359375 0.3159722222222222 0.09765625 0.6319444444444444
0 0.39570312500000004 0.3125 0.08203125 0.625
0 0.530859375 0.40208333333333335 0.11015625000000001 0.5458333333333334
0 0.667578125 0.14583333333333334 0.032031250000000004 0.2916666666666667
0 0.6804687500000001 0.5236111111111111 0.029687500000000002 0.3888888888888889
0 0.6546875000000001 0.8597222222222223 0.0328125 0.2777777777777778
0 0.7664062500000001 0.8798611111111111 0.040625 0.23750000000000002
0 0.459765625 0.8381944444444445 0.039843750000000004 0.32083333333333336
0 0.24570312500000002 0.8298611111111112 0.22734375 0.2902777777777778
1 0.816015625 0.3277777777777778 0.05234375 0.10555555555555556
1 0.81640625 0.4395833333333333 0.029687500000000002 0.1125
1 0.8230468750000001 0.6256944444444444 0.03828125 0.2152777777777778
1 0.816015625 0.7840277777777778 0.01953125 0.051388888888888894
1 0.8191406250000001 0.8465277777777778 0.02421875 0.04583333333333334
1 0.817578125 0.9576388888888889 0.025781250000000002 0.08194444444444444
1 0.8109375000000001 0.8930555555555556 0.025 0.022222222222222223
0 0.8453125 0.90625 0.0171875 0.18472222222222223
0 0.9109375000000001 0.6618055555555555 0.0484375 0.14027777777777778
0 0.607421875 0.8618055555555556 0.030468750000000003 0.27361111111111114
0 0.649609375 0.4340277777777778 0.03671875 0.2791666666666667
0 0.633984375 0.6236111111111111 0.014843750000000001 0.10277777777777779
2 0.15859375 0.6180555555555556 0.14375000000000002 0.03888888888888889
2 0.9207031250000001 0.7798611111111111 0.15546875000000002 0.04861111111111111
2 0.7585937500000001 0.7409722222222223 0.16718750000000002 0.04583333333333334
2 0.57734375 0.7027777777777778 0.19375 0.04166666666666667
2 0.3515625 0.6541666666666667 0.253125 0.05277777777777778
0 0.511328125 0.0625 0.01640625 0.125
