0 0.27382812500000003 0.12083333333333333 0.03515625 0.24166666666666667
0 0.24960937500000002 0.6291666666666667 0.04609375 0.7388888888888889
0 0.6570312500000001 0.6180555555555556 0.0921875 0.7611111111111112
0 0.6449218750000001 0.12013888888888889 0.032031250000000004 0.20972222222222223
0 0.5964843750000001 0.125 0.017968750000000002 0.22222222222222224
0 0.567578125 0.0625 0.02109375 0.125
0 0.4546875 0.16736111111111113 0.03125 0.15694444444444444
0 0.366796875 0.13194444444444445 0.02890625 0.21944444444444444
0 0.39570312500000004 0.3375 0.03515625 0.16111111111111112
2 0.12265625000000001 0.25972222222222224 0.1875 0.022222222222222223
2 0.32343750000000004 0.24930555555555556 0.096875 0.020833333333333336
2 0.41015625 0.24305555555555555 0.0578125 0.01388888888888889
2 0.53046875 0.23680555555555557 0.11093750000000001 0.015277777777777779
2 0.7359375 0.22222222222222224 0.1484375 0.019444444444444445
0 0.7140625 0.6513888888888889 0.0203125 0.22777777777777777
