2 0.156640625 0.34861111111111115 0.15390625000000002 0.03333333333333333
0 0.70859375 0.21875 0.0328125 0.39861111111111114
0 0.704296875 0.7076388888888889 0.06640625 0.5625
0 0.49609375 0.7006944444444445 0.0859375 0.5958333333333333
0 0.455078125 0.1875 0.041406250000000006 0.37222222222222223
0 0.27734375 0.18125 0.043750000000000004 0.3597222222222222
0 0.264453125 0.6805555555555556 0.05078125 0.6361111111111112
3 0.48515625 0.5750000000000001 0.0546875 0.09444444444444444
0 0.59296875 0.9631944444444445 0.19375 0.07083333333333333
0 0.80625 0.9645833333333333 0.1765625 0.06805555555555556
2 0.491015625 0.38819444444444445 0.38515625000000003 0.05694444444444444
2 0.86640625 0.44375000000000003 0.265625 0.051388888888888894
