0 0.71796875 0.6277777777777778 0.1078125 0.7416666666666667
0 0.6839843750000001 0.12569444444444444 0.02890625 0.2513888888888889
0 0.43593750000000003 0.1388888888888889 0.018750000000000003 0.2777777777777778
0 0.43476562500000004 0.5194444444444445 0.03359375 0.46944444444444444
0 0.295703125 0.6472222222222223 0.049218750000000006 0.7027777777777778
0 0.29375 0.16319444444444445 0.026562500000000003 0.25972222222222224
2 0.198046875 0.3138888888888889 0.14140625 0.04166666666666667
2 0.36445312500000004 0.29305555555555557 0.09140625000000001 0.022222222222222223
2 0.556640625 0.26805555555555555 0.20546875 0.036111111111111115
2 0.780859375 0.23958333333333334 0.14765625000000002 0.02361111111111111
