2 0.48085937500000003 0.35833333333333334 0.9617187500000001 0.09722222222222222
0 0.343359375 0.16736111111111113 0.03828125 0.3180555555555556
0 0.46914062500000003 0.1527777777777778 0.022656250000000003 0.3055555555555556
0 0.585546875 0.15208333333333335 0.02421875 0.3041666666666667
0 0.276953125 0.7611111111111112 0.29140625000000003 0.11666666666666667
0 0.343359375 0.5951388888888889 0.03828125 0.20416666666666666
0 0.45039062500000004 0.5875 0.03515625 0.38333333333333336
0 0.43828125 0.8944444444444445 0.028125 0.20833333333333334
0 0.773046875 0.6381944444444445 0.09296875 0.24027777777777778
0 0.704296875 0.7868055555555555 0.5085937500000001 0.05694444444444444
