0 0.79609375 0.4256944444444445 0.043750000000000004 0.8486111111111111
0 0.90546875 0.43472222222222223 0.171875 0.06944444444444445
0 0.880859375 0.6444444444444445 0.17890625000000002 0.030555555555555558
0 0.8929687500000001 0.7736111111111111 0.028125 0.26666666666666666
0 0.431640625 0.7965277777777778 0.26484375 0.04861111111111111
0 0.5574218750000001 0.9027777777777778 0.03828125 0.18055555555555555
0 0.71640625 0.89375 0.3046875 0.09027777777777778
0 0.6804687500000001 0.675 0.2484375 0.07222222222222223
0 0.8875000000000001 0.5631944444444444 0.0171875 0.15972222222222224
0 0.6421875 0.2763888888888889 0.09062500000000001 0.5527777777777778
0 0.490234375 0.16041666666666668 0.19140625 0.10972222222222222
0 0.849609375 0.9618055555555556 0.014843750000000001 0.07361111111111111
0 0.91015625 0.10625 0.17343750000000002 0.1375
0 0.9359375000000001 0.9625 0.1265625 0.07222222222222223
0 0.7308593750000001 0.17430555555555557 0.09296875 0.05416666666666667
0 0.7359375 0.02638888888888889 0.0578125 0.019444444444444445
