0 0.541015625 0.9111111111111111 0.35859375000000004 0.07777777777777778
0 0.620703125 0.5375 0.10546875 0.06944444444444445
0 0.6410156250000001 0.6541666666666667 0.02734375 0.11944444444444445
0 0.6761718750000001 0.75625 0.12109375 0.08194444444444444
1 0.859375 0.9340277777777778 0.096875 0.0625
1 0.94296875 0.9291666666666667 0.053125000000000006 0.03888888888888889
0 0.70078125 0.25416666666666665 0.040625 0.49444444444444446
0 0.7609375 0.2652777777777778 0.0734375 0.5166666666666667
0 0.9207031250000001 0.20972222222222223 0.13515625 0.058333333333333334
0 0.809765625 0.6152777777777778 0.06484375 0.1638888888888889
0 0.9011718750000001 0.75 0.11484375000000001 0.07777777777777778
0 0.9710937500000001 0.7618055555555556 0.05625 0.2902777777777778
0 0.74921875 0.7229166666666667 0.05 0.39583333333333337
0 0.609375 0.8375 0.009375000000000001 0.06666666666666667
0 0.8359375 0.9805555555555556 0.0140625 0.036111111111111115
0 0.984375 0.9256944444444445 0.029687500000000002 0.020833333333333336
0 0.841796875 0.8131944444444444 0.01640625 0.19583333333333333
0 0.907421875 0.5534722222222223 0.12109375 0.03194444444444445
