2 0.18515625000000002 0.33194444444444443 0.25625000000000003 0.05277777777777778
0 0.539453125 0.5701388888888889 0.03515625 0.3180555555555556
0 0.5027343750000001 0.8423611111111111 0.025781250000000002 0.3125
0 0.66171875 0.7736111111111111 0.3015625 0.10833333333333334
0 0.299609375 0.6805555555555556 0.049218750000000006 0.6361111111111112
0 0.20273437500000002 0.5055555555555555 0.08515625 0.2972222222222222
1 0.142578125 0.7090277777777778 0.05390625 0.08194444444444444
0 0.326953125 0.18333333333333335 0.030468750000000003 0.3527777777777778
0 0.463671875 0.21736111111111112 0.03671875 0.3180555555555556
0 0.5691406250000001 0.20069444444444445 0.039843750000000004 0.4013888888888889
1 0.7093750000000001 0.12291666666666667 0.034375 0.04583333333333334
0 0.437109375 0.5465277777777778 0.04609375 0.30972222222222223
0 0.238671875 0.2715277777777778 0.01015625 0.059722222222222225
2 0.36445312500000004 0.36736111111111114 0.04296875 0.020833333333333336
2 0.46406250000000004 0.3861111111111111 0.1375 0.03333333333333333
2 0.6875 0.44027777777777777 0.2484375 0.061111111111111116
