0 0.66796875 0.46111111111111114 0.07500000000000001 0.8277777777777778
0 0.796484375 0.6479166666666667 0.06640625 0.701388888888889
2 0.7429687500000001 0.10277777777777779 0.19843750000000002 0.1388888888888889
1 0.583203125 0.2673611111111111 0.022656250000000003 0.20416666666666666
0 0.451953125 0.6604166666666667 0.03359375 0.6763888888888889
1 0.423828125 0.19236111111111112 0.03515625 0.3041666666666667
0 0.33359375 0.5979166666666667 0.0765625 0.8013888888888889
0 0.18125000000000002 0.13125 0.028125 0.10138888888888889
0 0.2625 0.13055555555555556 0.018750000000000003 0.13333333333333333
0 0.7503906250000001 0.9027777777777778 0.02890625 0.19166666666666668
