0 0.3484375 0.4354166666666667 0.037500000000000006 0.8708333333333333
0 0.5710937500000001 0.44027777777777777 0.0734375 0.8805555555555555
0 0.6824218750000001 0.35625 0.047656250000000004 0.6958333333333334
2 0.5007812500000001 0.8819444444444445 0.9953125 0.05
1 0.251171875 0.4604166666666667 0.03828125 0.07083333333333333
1 0.4546875 0.0763888888888889 0.037500000000000006 0.06666666666666667
1 0.330078125 0.6229166666666667 0.032031250000000004 0.10694444444444445
1 0.27968750000000003 0.5472222222222223 0.037500000000000006 0.08888888888888889
0 0.46132812500000003 0.9388888888888889 0.03359375 0.11944444444444445
0 0.58046875 0.9375 0.0203125 0.11111111111111112
0 0.47187500000000004 0.7368055555555556 0.028125 0.2263888888888889
