0 0.8269531250000001 0.4076388888888889 0.03515625 0.8152777777777778
0 0.84296875 0.9076388888888889 0.0421875 0.18194444444444446
0 0.718359375 0.9090277777777778 0.014843750000000001 0.17916666666666667
0 0.6882812500000001 0.4826388888888889 0.040625 0.6652777777777779
0 0.37343750000000003 0.25277777777777777 0.0390625 0.5055555555555555
0 0.45937500000000003 0.6423611111111112 0.040625 0.28750000000000003
0 0.478515625 0.9104166666666667 0.030468750000000003 0.1625
2 0.5609375 0.8256944444444445 0.875 0.034722222222222224
0 0.5945312500000001 0.9173611111111112 0.015625 0.1625
0 0.6179687500000001 0.6986111111111112 0.015625 0.20833333333333334
