0 0.45156250000000003 0.3715277777777778 0.078125 0.7430555555555556
0 0.498828125 0.8763888888888889 0.02890625 0.24444444444444446
0 0.683203125 0.8708333333333333 0.025781250000000002 0.2555555555555556
0 0.749609375 0.8562500000000001 0.017968750000000002 0.2263888888888889
0 0.6359375 0.3666666666666667 0.09062500000000001 0.7305555555555556
0 0.712890625 0.34652777777777777 0.08671875000000001 0.6875
2 0.5046875000000001 0.7430555555555556 0.9859375 0.036111111111111115
0 0.21601562500000002 0.9236111111111112 0.02109375 0.14444444444444446
0 0.19609375 0.44583333333333336 0.0234375 0.1388888888888889
0 0.7914062500000001 0.07569444444444445 0.015625 0.09027777777777778
