0 0.52265625 0.02847222222222222 0.0234375 0.05694444444444444
0 0.468359375 0.5277777777777778 0.11171875 0.9416666666666667
0 0.273046875 0.5270833333333333 0.16171875000000002 0.9430555555555556
1 0.8851562500000001 0.15972222222222224 0.034375 0.075
2 0.38671875 0.02847222222222222 0.23593750000000002 0.05416666666666667
0 0.762890625 0.41458333333333336 0.03828125 0.5569444444444445
0 0.876953125 0.3138888888888889 0.03828125 0.275
0 0.598046875 0.4444444444444445 0.049218750000000006 0.2833333333333333
0 0.565625 0.7416666666666667 0.025 0.11666666666666667
2 0.7015625000000001 0.10625 0.325 0.09583333333333334
2 0.9421875000000001 0.17777777777777778 0.084375 0.02777777777777778
