0 0.39570312500000004 0.3145833333333333 0.10859375 0.6291666666666667
0 0.519140625 0.33125 0.08515625 0.6625
2 0.2515625 0.6097222222222223 0.1875 0.05
1 0.7488281250000001 0.7541666666666667 0.05234375 0.08055555555555556
0 0.721875 0.8506944444444445 0.018750000000000003 0.1902777777777778
0 0.7933593750000001 0.3548611111111111 0.09296875 0.7097222222222223
0 0.69140625 0.36736111111111114 0.05625 0.7180555555555556
0 0.144921875 0.4861111111111111 0.022656250000000003 0.16666666666666669
0 0.123046875 0.8715277777777778 0.07109375 0.25416666666666665
2 0.5046875000000001 0.6805555555555556 0.309375 0.09166666666666667
2 0.814453125 0.7701388888888889 0.07265625 0.02361111111111111
2 0.698828125 0.7388888888888889 0.06328125 0.022222222222222223
0 0.318359375 0.8222222222222223 0.05390625 0.3527777777777778
0 0.07734375 0.7763888888888889 0.0625 0.37222222222222223
