2 0.1390625 0.6833333333333333 0.15000000000000002 0.05
0 0.659375 0.920138888888889 0.0171875 0.15694444444444444
0 0.559765625 0.9145833333333334 0.013281250000000001 0.16805555555555557
0 0.448828125 0.8854166666666667 0.02890625 0.2263888888888889
0 0.35585937500000003 0.851388888888889 0.03515625 0.19166666666666668
0 0.314453125 0.8694444444444445 0.049218750000000006 0.25833333333333336
0 0.248046875 0.8569444444444445 0.06640625 0.2833333333333333
0 0.15585937500000002 0.8534722222222223 0.12265625000000001 0.2902777777777778
0 0.33125000000000004 0.36319444444444443 0.23750000000000002 0.7263888888888889
0 0.505859375 0.3840277777777778 0.08359375000000001 0.7680555555555556
0 0.589453125 0.3861111111111111 0.057031250000000006 0.7722222222222223
0 0.708984375 0.5791666666666667 0.08359375000000001 0.5111111111111112
0 0.6984375 0.1590277777777778 0.0484375 0.3180555555555556
2 0.39960937500000004 0.7513888888888889 0.11328125 0.03333333333333333
2 0.5609375 0.80625 0.18906250000000002 0.06805555555555556
2 0.7250000000000001 0.8659722222222223 0.1078125 0.04027777777777778
