2 0.10833333333333334 0.7092592592592593 0.21354166666666666 0.02777777777777778
0 0.728125 0.8398148148148148 0.052083333333333336 0.31851851851851853
0 0.77890625 0.33425925925925926 0.08802083333333333 0.6685185185185185
0 0.21770833333333334 0.8453703703703704 0.03125 0.27222222222222225
0 0.24192708333333332 0.3527777777777778 0.0359375 0.6944444444444444
0 0.4510416666666667 0.8361111111111111 0.020833333333333332 0.2851851851851852
0 0.46979166666666666 0.3421296296296296 0.07395833333333333 0.6842592592592592
0 0.6546875 0.337037037037037 0.040625 0.674074074074074
0 0.60859375 0.8180555555555555 0.04739583333333333 0.2675925925925926
2 0.3364583333333333 0.7018518518518518 0.2 0.02962962962962963
2 0.5200520833333333 0.6888888888888889 0.12552083333333333 0.022222222222222223
2 0.75234375 0.6768518518518519 0.24114583333333334 0.024074074074074074
