2 0.4744791666666667 0.6369485294117647 0.753125 0.10845588235294118
0 0.36041666666666666 0.7509191176470588 0.05625 0.19669117647058823
0 0.35052083333333334 0.45955882352941174 0.03854166666666667 0.35661764705882354
0 0.3328125 0.13878676470588236 0.030208333333333334 0.2738970588235294
0 0.2203125 0.3391544117647059 0.22395833333333334 0.11948529411764705
0 0.4010416666666667 0.2931985294117647 0.13333333333333333 0.03860294117647059
0 0.4671875 0.15441176470588236 0.019791666666666666 0.3014705882352941
0 0.46197916666666666 0.4586397058823529 0.015625 0.2665441176470588
0 0.6630208333333333 0.2582720588235294 0.371875 0.13051470588235295
0 0.41302083333333334 0.8235294117647058 0.040625 0.3492647058823529
0 0.5401041666666666 0.9310661764705882 0.046875 0.13419117647058823
0 0.615625 0.8777573529411764 0.4166666666666667 0.05698529411764706
0 0.528125 0.7435661764705882 0.027083333333333334 0.2150735294117647
0 0.31666666666666665 0.7757352941176471 0.16666666666666666 0.21323529411764705
