0 0.4666666666666667 0.22175925925925927 0.052083333333333336 0.44351851851851853
0 0.675 0.22222222222222224 0.040625 0.44074074074074077
0 0.67734375 0.5944444444444444 0.03697916666666667 0.3092592592592593
0 0.4231770833333333 0.7240740740740741 0.03177083333333333 0.55
2 0.5822916666666667 0.44074074074074077 0.834375 0.02777777777777778
1 0.8572916666666667 0.17222222222222222 0.07395833333333333 0.1388888888888889
0 0.8817708333333333 0.2439814814814815 0.228125 0.032407407407407406
0 0.77421875 0.13240740740740742 0.034895833333333334 0.25
0 0.7286458333333333 0.27037037037037037 0.08125 0.037037037037037035
0 0.3130208333333333 0.3060185185185185 0.021875 0.3027777777777778
0 0.25546875 0.8291666666666667 0.027604166666666666 0.33981481481481485
0 0.5583333333333333 0.5523148148148148 0.02395833333333333 0.2064814814814815
0 0.5083333333333333 0.7694444444444445 0.035416666666666666 0.22222222222222224
0 0.69140625 0.9495370370370371 0.022395833333333334 0.09907407407407408
0 0.8479166666666667 0.7657407407407407 0.29791666666666666 0.05185185185185186
0 0.2682291666666667 0.6152777777777778 0.014583333333333334 0.09166666666666667
0 0.32317708333333334 0.6532407407407408 0.0984375 0.04166666666666667
0 0.3625 0.38101851851851853 0.0125 0.1212962962962963
0 0.43359375 0.32037037037037036 0.011979166666666666 0.2388888888888889
0 0.56953125 0.12824074074074074 0.028645833333333332 0.18055555555555555
0 0.3072916666666667 0.049074074074074076 0.011458333333333333 0.09814814814814815
0 0.2359375 0.6347222222222223 0.0625 0.036111111111111115
