0 0.6473958333333333 0.29444444444444445 0.04583333333333333 0.5888888888888889
0 0.81484375 0.5013888888888889 0.0390625 0.9953703703703705
0 0.8484375 0.8828703703703704 0.02395833333333333 0.23055555555555557
0 0.5299479166666666 0.7759259259259259 0.1046875 0.4462962962962963
0 0.4421875 0.1550925925925926 0.040625 0.25092592592592594
0 0.3619791666666667 0.5546296296296297 0.027083333333333334 0.3685185185185185
0 0.5296875 0.225 0.027083333333333334 0.24444444444444446
0 0.5223958333333333 0.44722222222222224 0.034375 0.22592592592592595
0 0.7171875 0.4356481481481482 0.013541666666666667 0.1398148148148148
0 0.5606770833333333 0.3842592592592593 0.021354166666666667 0.10370370370370371
0 0.4549479166666667 0.5199074074074074 0.024479166666666666 0.4601851851851852
0 0.6296875 0.7958333333333334 0.04791666666666666 0.4064814814814815
