2 0.25 0.15185185185185185 0.40729166666666666 0.05555555555555556
0 0.7796875 0.11203703703703705 0.019791666666666666 0.2240740740740741
0 0.7408854166666666 0.10972222222222222 0.022395833333333334 0.21944444444444444
0 0.5065104166666666 0.09351851851851853 0.0171875 0.18703703703703706
0 0.5611979166666666 0.10092592592592593 0.018229166666666668 0.19444444444444445
0 0.46901041666666665 0.3736111111111111 0.027604166666666666 0.3824074074074074
0 0.4166666666666667 0.7921296296296296 0.04583333333333333 0.4138888888888889
0 0.27838541666666666 0.3731481481481482 0.022395833333333334 0.21296296296296297
0 0.19583333333333333 0.6458333333333334 0.041666666666666664 0.19166666666666668
0 0.7653645833333333 0.6171296296296297 0.049479166666666664 0.763888888888889
2 0.6494791666666666 0.20787037037037037 0.15520833333333334 0.032407407407407406
2 0.896875 0.23981481481481481 0.20520833333333333 0.040740740740740744
0 0.3919270833333333 0.06574074074074074 0.015104166666666667 0.13148148148148148
0 0.3924479166666667 0.32546296296296295 0.01614583333333333 0.3027777777777778
0 0.3528645833333333 0.5509259259259259 0.0171875 0.14814814814814814
0 0.5018229166666667 0.6851851851851852 0.028645833333333332 0.1962962962962963
