0 0.34010416666666665 0.5027777777777778 0.11666666666666667 0.9925925925925926
0 0.42734374999999997 0.4527777777777778 0.20677083333333332 0.05185185185185186
0 0.5291666666666667 0.6333333333333333 0.030208333333333334 0.3314814814814815
0 0.6424479166666667 0.4712962962962963 0.20052083333333334 0.044444444444444446
0 0.6088541666666667 0.23611111111111113 0.04895833333333333 0.4666666666666667
0 0.7041666666666666 0.2 0.028125 0.4
0 0.7411458333333333 0.4527777777777778 0.041666666666666664 0.2537037037037037
0 0.7708333333333334 0.3842592592592593 0.016666666666666666 0.1425925925925926
0 0.5638020833333334 0.3574074074074074 0.0359375 0.20740740740740743
0 0.796875 0.5814814814814815 0.040625 0.020370370370370372
0 0.5458333333333333 0.8578703703703704 0.013541666666666667 0.06944444444444445
0 0.5578125 0.9532407407407407 0.016666666666666666 0.09166666666666667
