2 0.3802083333333333 0.47610294117647056 0.6958333333333333 0.21323529411764705
0 0.8114583333333333 0.6599264705882353 0.10208333333333333 0.03308823529411765
1 0.7651041666666667 0.3648897058823529 0.053125 0.20404411764705882
1 0.7552083333333334 0.5965073529411765 0.027083333333333334 0.15625
0 0.79375 0.18566176470588236 0.07291666666666667 0.3713235294117647
0 0.8098958333333334 0.8915441176470588 0.11145833333333333 0.06985294117647059
0 0.7494791666666667 0.8363970588235294 0.019791666666666666 0.3235294117647059
0 0.7135416666666666 0.17371323529411764 0.027083333333333334 0.3474264705882353
0 0.5947916666666666 0.7830882352941176 0.022916666666666665 0.4301470588235294
1 0.896875 0.4466911764705882 0.03958333333333333 0.15808823529411764
0 0.8682291666666666 0.05698529411764706 0.065625 0.08823529411764705
0 0.8578125 0.2233455882352941 0.051041666666666666 0.23345588235294118
