0 0.7161458333333334 0.5863970588235294 0.05520833333333333 0.8235294117647058
0 0.8104166666666667 0.9145220588235294 0.04375 0.16727941176470587
0 0.8588541666666667 0.9191176470588235 0.042708333333333334 0.15808823529411764
0 0.8729166666666667 0.6020220588235294 0.06875 0.2077205882352941
0 0.7619791666666667 0.2610294117647059 0.034375 0.15073529411764705
0 0.7328125 0.09191176470588235 0.040625 0.1764705882352941
0 0.8541666666666666 0.18566176470588236 0.06875 0.23161764705882354
1 0.8296875 0.7159926470588235 0.021875 0.06433823529411764
1 0.784375 0.3915441176470588 0.03125 0.1213235294117647
0 0.8046875 0.5716911764705882 0.040625 0.21691176470588236
0 0.828125 0.7895220588235294 0.010416666666666666 0.07169117647058823
0 0.8734375 0.7941176470588235 0.06979166666666667 0.08455882352941177
