0 0.5979166666666667 0.4522058823529412 0.08958333333333333 0.8860294117647058
2 0.334375 0.9430147058823529 0.5604166666666667 0.10661764705882353
0 0.740625 0.5193014705882353 0.03333333333333333 0.3694852941176471
0 0.8286458333333333 0.05238970588235294 0.140625 0.03860294117647059
1 0.7359375 0.2150735294117647 0.036458333333333336 0.23161764705882354
2 0.7854166666666667 0.8795955882352942 0.3020833333333333 0.042279411764705885
0 0.6296875 0.9512867647058824 0.013541666666666667 0.09375
0 0.8109375 0.9439338235294118 0.036458333333333336 0.10845588235294118
0 0.71875 0.04963235294117647 0.020833333333333332 0.09926470588235294
1 0.7614583333333333 0.7316176470588235 0.029166666666666667 0.029411764705882353
1 0.7807291666666667 0.8125 0.03229166666666666 0.10661764705882353
0 0.8328125 0.3961397058823529 0.16354166666666667 0.042279411764705885
