2 0.5416666666666666 0.05422794117647059 0.40625 0.06801470588235294
0 0.79375 0.08823529411764705 0.14791666666666667 0.08823529411764705
0 0.8880208333333334 0.5027573529411765 0.04479166666666667 0.9908088235294118
0 0.9229166666666666 0.07077205882352941 0.01875 0.11580882352941177
0 0.9026041666666667 0.1369485294117647 0.046875 0.034926470588235295
0 0.9260416666666667 0.2601102941176471 0.05625 0.034926470588235295
0 0.9609375 0.13419117647058823 0.06354166666666666 0.01838235294117647
2 0.2625 0.08363970588235294 0.15 0.027573529411764705
1 0.81875 0.015625 0.05 0.027573529411764705
0 0.9432291666666667 0.203125 0.028125 0.09375
0 0.9770833333333333 0.2849264705882353 0.04375 0.06985294117647059
