2 0.44114583333333335 0.9402573529411764 0.5864583333333333 0.10110294117647059
0 0.7692708333333333 0.43566176470588236 0.10729166666666666 0.8713235294117647
0 0.9604166666666667 0.6213235294117647 0.05 0.0625
0 0.8755208333333333 0.6259191176470588 0.11770833333333333 0.05698529411764706
0 0.8901041666666667 0.7472426470588235 0.08229166666666667 0.18933823529411764
1 0.825 0.8961397058823529 0.04583333333333333 0.07536764705882353
1 0.7619791666666667 0.8970588235294118 0.05520833333333333 0.04044117647058824
0 0.40989583333333335 0.37775735294117646 0.071875 0.7444852941176471
2 0.9317708333333333 0.8832720588235294 0.13229166666666667 0.027573529411764705
0 0.8135416666666666 0.96875 0.014583333333333334 0.058823529411764705
