0 0.21484375 0.2777777777777778 0.15781250000000002 0.075
0 0.205078125 0.4826388888888889 0.10078125 0.2652777777777778
0 0.354296875 0.3215277777777778 0.05859375 0.6430555555555556
0 0.68515625 0.3215277777777778 0.10312500000000001 0.6319444444444444
0 0.59921875 0.9375 0.1859375 0.11944444444444445
2 0.21484375 0.6611111111111111 0.20468750000000002 0.02777777777777778
2 0.548046875 0.6611111111111111 0.33203125 0.025
2 0.823828125 0.6631944444444444 0.18515625000000002 0.02638888888888889
0 0.712109375 0.8402777777777778 0.03359375 0.31666666666666665
0 0.34101562500000004 0.8298611111111112 0.03828125 0.3375
0 0.58046875 0.3625 0.09843750000000001 0.036111111111111115
