0 0.236328125 0.50625 0.057031250000000006 0.9847222222222223
0 0.102734375 0.3201388888888889 0.02421875 0.059722222222222225
0 0.10312500000000001 0.5090277777777777 0.0140625 0.10972222222222222
1 0.51796875 0.15763888888888888 0.051562500000000004 0.22916666666666669
1 0.53515625 0.6847222222222222 0.037500000000000006 0.13611111111111113
1 0.536328125 0.4708333333333333 0.06640625 0.17777777777777778
0 0.515625 0.33472222222222225 0.026562500000000003 0.08888888888888889
0 0.533203125 0.5888888888888889 0.025781250000000002 0.04166666666666667
0 0.5222656250000001 0.8812500000000001 0.025781250000000002 0.23472222222222222
1 0.8035156250000001 0.4215277777777778 0.01953125 0.0375
0 0.515625 0.024305555555555556 0.010937500000000001 0.04861111111111111
