1 0.17578125 0.525 0.08489583333333334 0.1388888888888889
1 0.06953125 0.5865740740740741 0.06614583333333333 0.0712962962962963
1 0.08203125 0.4708333333333333 0.0390625 0.06759259259259259
1 0.18802083333333333 0.13611111111111113 0.03333333333333333 0.0962962962962963
1 0.06744791666666666 0.7736111111111111 0.0484375 0.13240740740740742
1 0.0828125 0.937962962962963 0.04479166666666667 0.05555555555555556
1 0.15807291666666667 0.7796296296296297 0.0671875 0.14814814814814814
1 0.20807291666666666 0.7671296296296296 0.027604166666666666 0.075
1 0.24427083333333333 0.9018518518518519 0.052083333333333336 0.1388888888888889
1 0.3302083333333333 0.6810185185185186 0.036458333333333336 0.06018518518518519
0 0.5565104166666667 0.5069444444444444 0.04114583333333333 0.9842592592592593
