0 0.66328125 0.5351851851851852 0.03177083333333333 0.40370370370370373
2 0.10911458333333333 0.7819444444444444 0.21822916666666667 0.030555555555555558
0 0.4864583333333333 0.38287037037037036 0.05625 0.7583333333333334
0 0.4966145833333333 0.8800925925925926 0.0203125 0.23796296296296296
0 0.23906249999999998 0.38287037037037036 0.04479166666666667 0.7657407407407407
0 0.23385416666666667 0.8898148148148148 0.025 0.21851851851851853
2 0.3611979166666667 0.7666666666666667 0.24635416666666665 0.02592592592592593
2 0.5856770833333333 0.750925925925926 0.1609375 0.02592592592592593
2 0.8208333333333333 0.7398148148148148 0.28541666666666665 0.02962962962962963
0 0.65703125 0.9055555555555556 0.04635416666666667 0.18703703703703706
