0 0.4770833333333333 0.05555555555555556 0.013541666666666667 0.0962962962962963
0 0.65625 0.4398148148148148 0.06666666666666667 0.725925925925926
0 0.7078125 0.8481481481481482 0.014583333333333334 0.08888888888888889
0 0.20833333333333334 0.06759259259259259 0.025 0.1
0 0.3765625 0.312962962962963 0.04583333333333333 0.35555555555555557
0 0.34322916666666664 0.8685185185185186 0.029166666666666667 0.2388888888888889
2 0.22708333333333333 0.15092592592592594 0.4510416666666667 0.07777777777777778
0 0.6408854166666667 0.0375 0.015104166666666667 0.07314814814814816
0 0.4828125 0.5564814814814815 0.042708333333333334 0.8851851851851852
2 0.5536458333333333 0.09814814814814815 0.13958333333333334 0.02592592592592593
2 0.8125 0.055092592592592596 0.3 0.05092592592592593
