0 0.43984375 0.5013888888888889 0.030729166666666665 0.9953703703703705
0 0.23880208333333333 0.5013888888888889 0.0421875 0.9953703703703705
0 0.03671875 0.34953703703703703 0.06927083333333334 0.3731481481481482
0 0.09765625 0.032407407407407406 0.021354166666666667 0.06481481481481481
0 0.515625 0.02777777777777778 0.15520833333333334 0.05555555555555556
0 0.3372395833333333 0.11574074074074074 0.1953125 0.10370370370370371
2 0.15520833333333334 0.09722222222222222 0.134375 0.05740740740740741
1 0.04921875 0.06805555555555556 0.0640625 0.10277777777777779
0 0.15182291666666667 0.2263888888888889 0.15677083333333333 0.1175925925925926
0 0.5419270833333333 0.5944444444444444 0.20052083333333334 0.17592592592592593
0 0.12291666666666666 0.6837962962962963 0.2375 0.05277777777777778
0 0.3416666666666667 0.6921296296296297 0.19270833333333334 0.04351851851851852
0 0.0609375 0.13055555555555556 0.011458333333333333 0.04814814814814815
