3 0.128125 0.08750000000000001 0.09270833333333334 0.1675925925925926
3 0.3872395833333333 0.40185185185185185 0.13072916666666667 0.788888888888889
3 0.7544270833333333 0.6240740740740741 0.17239583333333333 0.75
3 0.14010416666666667 0.8634259259259259 0.26458333333333334 0.25833333333333336
3 0.15390625 0.43842592592592594 0.0828125 0.1175925925925926
0 0.2609375 0.4226851851851852 0.13541666666666666 0.0712962962962963
0 0.054427083333333334 0.5888888888888889 0.0859375 0.13148148148148148
0 0.16901041666666666 0.6467592592592593 0.0421875 0.2064814814814815
0 0.12343749999999999 0.2777777777777778 0.05416666666666667 0.17962962962962964
0 0.5744791666666667 0.5037037037037038 0.040625 0.9574074074074075
0 0.51875 0.17453703703703705 0.05520833333333333 0.07685185185185185
0 0.49322916666666666 0.6851851851851852 0.07604166666666666 0.09074074074074075
0 0.5190104166666667 0.5166666666666667 0.06614583333333333 0.08518518518518518
0 0.63203125 0.7143518518518519 0.034895833333333334 0.2675925925925926
