3 0.1640625 0.16435185185185186 0.20729166666666665 0.2953703703703704
3 0.7911458333333333 0.3282407407407408 0.209375 0.6212962962962963
3 0.37734375 0.5083333333333333 0.1703125 0.512962962962963
3 0.5734375 0.5851851851851853 0.21770833333333334 0.3092592592592593
0 0.11744791666666667 0.39351851851851855 0.04739583333333333 0.16296296296296298
0 0.046614583333333334 0.41805555555555557 0.08072916666666667 0.09351851851851853
0 0.43828125 0.015740740740740743 0.08072916666666667 0.031481481481481485
0 0.57890625 0.050462962962962966 0.08072916666666667 0.10092592592592593
0 0.6627604166666666 0.11712962962962964 0.0359375 0.19166666666666668
0 0.7760416666666666 0.8773148148148149 0.030208333333333334 0.24351851851851852
0 0.4583333333333333 0.8412037037037038 0.04479166666666667 0.11388888888888889
0 0.42291666666666666 0.9324074074074075 0.019791666666666666 0.12222222222222223
0 0.37395833333333334 0.058333333333333334 0.05625 0.10740740740740741
