0 0.2559895833333333 0.1712962962962963 0.043229166666666666 0.32407407407407407
0 0.18177083333333333 0.40972222222222227 0.13958333333333334 0.1175925925925926
0 0.17552083333333332 0.5930555555555556 0.07604166666666666 0.23981481481481481
0 0.15078125 0.8393518518518519 0.049479166666666664 0.22685185185185186
0 0.24687499999999998 0.7300925925925926 0.11770833333333333 0.05092592592592593
3 0.31145833333333334 0.524537037037037 0.10520833333333333 0.3472222222222222
0 0.3463541666666667 0.7412037037037037 0.07395833333333333 0.0638888888888889
0 0.5481770833333334 0.8694444444444445 0.10781249999999999 0.25925925925925924
0 0.6171875 0.5518518518518519 0.18333333333333332 0.05185185185185186
0 0.7559895833333333 0.6939814814814815 0.09427083333333333 0.525
0 0.6859375 0.15925925925925927 0.03854166666666667 0.31666666666666665
0 0.05286458333333333 0.7027777777777778 0.04010416666666666 0.20370370370370372
