3 0.2630208333333333 0.13194444444444445 0.17395833333333333 0.24537037037037038
3 0.43906249999999997 0.4981481481481482 0.178125 0.975925925925926
0 0.11666666666666667 0.03888888888888889 0.11562499999999999 0.07777777777777778
0 0.07265625 0.29212962962962963 0.1453125 0.42685185185185187
0 0.25364583333333335 0.5939814814814816 0.084375 0.07314814814814816
0 0.5833333333333334 0.030092592592592594 0.10416666666666667 0.036111111111111115
0 0.565625 0.09074074074074075 0.12604166666666666 0.05925925925925926
0 0.6598958333333333 0.2972222222222222 0.058333333333333334 0.5814814814814815
0 0.9151041666666666 0.17824074074074076 0.06041666666666667 0.28611111111111115
0 0.8471354166666667 0.14305555555555557 0.043229166666666666 0.23055555555555557
0 0.9231770833333334 0.9171296296296296 0.021354166666666667 0.1638888888888889
1 0.9364583333333333 0.6944444444444444 0.027083333333333334 0.13703703703703704
0 0.26119791666666664 0.3189814814814815 0.0328125 0.1398148148148148
