0 0.7578125 0.11157407407407408 0.02395833333333333 0.22314814814814815
0 0.88125 0.774537037037037 0.03958333333333333 0.44907407407407407
0 0.6338541666666666 0.6314814814814815 0.0375 0.7333333333333334
0 0.3736979166666667 0.13240740740740742 0.033854166666666664 0.26481481481481484
0 0.2953125 0.17916666666666667 0.12604166666666666 0.35833333333333334
0 0.38359375 0.7930555555555556 0.043229166666666666 0.41203703703703703
0 0.2518229166666667 0.46990740740740744 0.06927083333333334 0.18981481481481483
2 0.1296875 0.3893518518518519 0.18020833333333333 0.062037037037037036
0 0.34088541666666666 0.5236111111111111 0.0359375 0.3527777777777778
0 0.4106770833333333 0.45740740740740743 0.033854166666666664 0.24074074074074076
0 0.42265625 0.6370370370370371 0.019270833333333334 0.1277777777777778
0 0.59609375 0.13101851851851853 0.05260416666666667 0.26203703703703707
0 0.7822916666666666 0.6152777777777778 0.034375 0.7620370370370371
2 0.5106770833333333 0.29953703703703705 0.19947916666666665 0.05648148148148149
2 0.7088541666666667 0.24953703703703706 0.10416666666666667 0.030555555555555558
2 0.9 0.2050925925925926 0.19895833333333332 0.04722222222222222
0 0.471875 0.48055555555555557 0.015625 0.10740740740740741
