3 0.48932291666666666 0.4962962962962963 0.17864583333333334 0.9925925925925926
3 0.70234375 0.18981481481481483 0.07135416666666666 0.37962962962962965
3 0.9466145833333334 0.6263888888888889 0.10572916666666667 0.16203703703703703
3 0.7309895833333333 0.7847222222222222 0.09635416666666667 0.19722222222222224
0 0.20104166666666667 0.3037037037037037 0.065625 0.5962962962962963
0 0.11614583333333334 0.3685185185185185 0.08854166666666667 0.06851851851851852
0 0.31875 0.3194444444444445 0.14791666666666667 0.07037037037037037
3 0.20885416666666667 0.7018518518518518 0.36666666666666664 0.2
0 0.31015625 0.8810185185185185 0.01614583333333333 0.11944444444444445
0 0.7138020833333333 0.5277777777777778 0.050520833333333334 0.2962962962962963
0 0.8440104166666667 0.7513888888888889 0.17239583333333333 0.10833333333333334
0 0.8838541666666666 0.837037037037037 0.02395833333333333 0.05740740740740741
3 0.6338541666666666 0.5861111111111111 0.11145833333333333 0.2
