3 0.49166666666666664 0.18333333333333335 0.15729166666666666 0.3666666666666667
3 0.8669270833333333 0.44351851851851853 0.2557291666666667 0.3277777777777778
3 0.34270833333333334 0.5083333333333333 0.259375 0.2814814814814815
0 0.11458333333333333 0.3282407407407408 0.22916666666666666 0.125
0 0.059895833333333336 0.38333333333333336 0.09583333333333333 0.04259259259259259
0 0.021875 0.6810185185185186 0.035416666666666666 0.23981481481481481
0 0.23984375 0.8148148148148149 0.034895833333333334 0.312962962962963
0 0.2765625 0.8268518518518518 0.035416666666666666 0.34444444444444444
0 0.48046875 0.44907407407407407 0.03697916666666667 0.16481481481481483
0 0.5317708333333333 0.4481481481481482 0.04583333333333333 0.15185185185185185
0 0.6104166666666666 0.6032407407407407 0.20625 0.12685185185185185
0 0.7151041666666667 0.7916666666666667 0.04791666666666666 0.06666666666666667
0 0.30104166666666665 0.15972222222222224 0.18958333333333333 0.3194444444444445
