3 0.5671875 0.1300925925925926 0.171875 0.2564814814814815
3 0.3377604166666667 0.8972222222222223 0.2796875 0.14814814814814814
3 0.5403645833333334 0.7759259259259259 0.10885416666666667 0.4462962962962963
0 0.7651041666666667 0.6046296296296296 0.075 0.7333333333333334
0 0.9158854166666667 0.11111111111111112 0.15364583333333334 0.03888888888888889
0 0.5505208333333333 0.5 0.025 0.09814814814814815
0 0.23776041666666667 0.08981481481481482 0.06614583333333333 0.03888888888888889
0 0.06380208333333333 0.6550925925925927 0.08072916666666667 0.11574074074074074
0 0.14661458333333333 0.8736111111111111 0.0984375 0.03981481481481482
0 0.3736979166666667 0.6027777777777777 0.019270833333333334 0.2
3 0.7213541666666666 0.11388888888888889 0.13125 0.22222222222222224
