0 0.16171875 0.08796296296296297 0.043229166666666666 0.16481481481481483
0 0.07421875 0.5189814814814815 0.1484375 0.03981481481481482
0 0.24583333333333332 0.6060185185185185 0.014583333333333334 0.1287037037037037
0 0.36041666666666666 0.04490740740740741 0.022916666666666665 0.0787037037037037
0 0.3520833333333333 0.3199074074074074 0.10625 0.41944444444444445
0 0.43203125 0.6569444444444444 0.1296875 0.025
0 0.37447916666666664 0.8587962962962963 0.03125 0.26203703703703707
0 0.42942708333333335 0.7138888888888889 0.09322916666666667 0.018518518518518517
0 0.5546875 0.029166666666666667 0.053125 0.05462962962962963
0 0.7963541666666667 0.38333333333333336 0.03958333333333333 0.3666666666666667
0 0.8830729166666667 0.4 0.0203125 0.06481481481481481
0 0.7799479166666666 0.8245370370370371 0.06927083333333334 0.11574074074074074
0 0.81484375 0.9458333333333334 0.0765625 0.10648148148148148
0 0.19791666666666666 0.5689814814814815 0.07083333333333333 0.032407407407407406
