3 0.56171875 0.3791666666666667 0.1296875 0.18981481481481483
3 0.559375 0.7194444444444444 0.10208333333333333 0.25
0 0.23645833333333333 0.6314814814814815 0.03229166666666666 0.7296296296296296
0 0.3421875 0.7949074074074074 0.035416666666666666 0.4083333333333333
0 0.4002604166666667 0.22453703703703703 0.0171875 0.44537037037037036
0 0.88046875 0.6560185185185186 0.0953125 0.09722222222222222
0 0.81640625 0.8736111111111111 0.0640625 0.25092592592592594
0 0.7213541666666666 0.5875 0.09583333333333333 0.03796296296296296
0 0.6309895833333333 0.7097222222222223 0.0390625 0.5712962962962963
0 0.5630208333333333 0.5310185185185186 0.015625 0.11574074074074074
0 0.38307291666666665 0.46944444444444444 0.11302083333333333 0.031481481481481485
