3 0.4875 0.3111111111111111 0.3520833333333333 0.4277777777777778
3 0.8609375 0.6550925925925927 0.275 0.30648148148148147
0 0.4005208333333333 0.7643518518518518 0.0625 0.46944444444444444
0 0.32578125 0.7106481481481481 0.0859375 0.14537037037037037
0 0.24114583333333334 0.19583333333333333 0.13333333333333333 0.1175925925925926
0 0.59296875 0.06018518518518519 0.027604166666666666 0.12037037037037038
0 0.8278645833333333 0.15 0.0328125 0.26666666666666666
0 0.6729166666666666 0.6708333333333334 0.096875 0.06018518518518519
0 0.6635416666666667 0.7384259259259259 0.12395833333333334 0.032407407407407406
3 0.5997395833333333 0.5777777777777778 0.07135416666666666 0.1277777777777778
