0 0.2559895833333333 0.4990740740740741 0.09010416666666667 0.9981481481481482
0 0.3299479166666667 0.5046296296296297 0.0640625 0.9888888888888889
0 0.12526041666666665 0.7101851851851853 0.19010416666666666 0.11666666666666667
0 0.37734375 0.8810185185185185 0.0328125 0.23611111111111113
0 0.42135416666666664 0.6356481481481482 0.103125 0.06759259259259259
0 0.459375 0.7402777777777778 0.025 0.1212962962962963
0 0.42890625 0.9268518518518519 0.0515625 0.14444444444444446
0 0.5588541666666667 0.5 0.12083333333333333 0.987037037037037
0 0.715625 0.4777777777777778 0.1 0.9351851851851852
2 0.8830729166666667 0.9259259259259259 0.22864583333333333 0.05925925925925926
2 0.6979166666666666 0.9731481481481482 0.12708333333333333 0.040740740740740744
