3 0.77578125 0.3462962962962963 0.29010416666666666 0.2888888888888889
3 0.46119791666666665 0.4675925925925926 0.1734375 0.27222222222222225
0 0.2140625 0.4305555555555556 0.2916666666666667 0.06481481481481481
0 0.39348958333333334 0.16527777777777777 0.043229166666666666 0.3175925925925926
0 0.4419270833333333 0.2212962962962963 0.0609375 0.02592592592592593
0 0.4940104166666667 0.16990740740740742 0.03802083333333333 0.32685185185185184
0 0.48385416666666664 0.7185185185185186 0.03333333333333333 0.23333333333333334
0 0.43203125 0.6569444444444444 0.0484375 0.05462962962962963
0 0.39427083333333335 0.8069444444444445 0.03958333333333333 0.3842592592592593
0 0.61015625 0.612037037037037 0.0703125 0.044444444444444446
0 0.6942708333333333 0.549537037037037 0.042708333333333334 0.09537037037037037
0 0.5807291666666666 0.8365740740740741 0.04479166666666667 0.2990740740740741
0 0.4427083333333333 0.10648148148148148 0.06041666666666667 0.037037037037037035
3 0.6630208333333333 0.10787037037037038 0.07916666666666666 0.2101851851851852
0 0.5950520833333334 0.40046296296296297 0.08697916666666666 0.026851851851851852
0 0.5908854166666666 0.4356481481481482 0.0796875 0.021296296296296296
