3 0.40729166666666666 0.23240740740740742 0.090625 0.46481481481481485
3 0.6221354166666666 0.7912037037037037 0.17135416666666667 0.14722222222222223
0 0.21067708333333332 0.03981481481481482 0.16302083333333334 0.06481481481481481
0 0.2700520833333333 0.12037037037037038 0.1828125 0.08888888888888889
0 0.3203125 0.2388888888888889 0.10625 0.18333333333333335
0 0.23932291666666666 0.20601851851851852 0.03697916666666667 0.10462962962962963
0 0.20234375 0.6032407407407407 0.05572916666666666 0.7916666666666667
0 0.14296875 0.7953703703703704 0.0703125 0.1388888888888889
0 0.3846354166666667 0.8291666666666667 0.3046875 0.13240740740740742
0 0.2986979166666667 0.3578703703703704 0.13177083333333334 0.03981481481481482
3 0.60234375 0.07453703703703704 0.3046875 0.13240740740740742
0 0.7833333333333333 0.6944444444444444 0.14791666666666667 0.05185185185185186
0 0.7458333333333333 0.7671296296296296 0.07291666666666667 0.062037037037037036
