0 0.39869791666666665 0.5027777777777778 0.04010416666666666 0.987037037037037
3 0.5494791666666666 0.7532407407407408 0.103125 0.18055555555555555
3 0.7888020833333333 0.7453703703703703 0.26927083333333335 0.1962962962962963
3 0.6986979166666667 0.13101851851851853 0.09114583333333333 0.2564814814814815
3 0.49947916666666664 0.0787037037037037 0.09791666666666667 0.15
0 0.5794270833333334 0.33287037037037037 0.06510416666666667 0.6620370370370371
0 0.5044270833333333 0.4083333333333333 0.044270833333333336 0.5166666666666667
0 0.5356770833333333 0.3995370370370371 0.058854166666666666 0.04166666666666667
0 0.46197916666666666 0.7023148148148148 0.08854166666666667 0.028703703703703703
0 0.2934895833333333 0.32592592592592595 0.19739583333333333 0.0462962962962963
0 0.52578125 0.913425925925926 0.0515625 0.1712962962962963
0 0.6598958333333333 0.9111111111111111 0.042708333333333334 0.1462962962962963
