1 0.5411458333333333 0.26296296296296295 0.14270833333333333 0.20185185185185187
3 0.5658854166666667 0.08611111111111111 0.0765625 0.17222222222222222
0 0.29609375 0.19398148148148148 0.1859375 0.058333333333333334
0 0.4036458333333333 0.058333333333333334 0.041666666666666664 0.11666666666666667
3 0.50078125 0.07314814814814816 0.05677083333333333 0.13518518518518519
3 0.42734374999999997 0.20740740740740743 0.06197916666666667 0.11666666666666667
3 0.7067708333333333 0.30833333333333335 0.16666666666666666 0.6074074074074074
0 0.4005208333333333 0.6453703703703704 0.057291666666666664 0.7074074074074075
3 0.5481770833333334 0.4527777777777778 0.13072916666666667 0.17592592592592593
0 0.5833333333333334 0.8449074074074074 0.05625 0.30833333333333335
0 0.68671875 0.774537037037037 0.04010416666666666 0.2935185185185185
0 0.8375 0.07361111111111111 0.103125 0.04351851851851852
0 0.8645833333333334 0.3199074074074074 0.058333333333333334 0.05092592592592593
0 0.28984375 0.9842592592592593 0.19947916666666665 0.02962962962962963
0 0.4578125 0.5509259259259259 0.0625 0.022222222222222223
0 0.5169270833333334 0.6263888888888889 0.16614583333333333 0.04351851851851852
0 0.48828125 0.6930555555555555 0.0265625 0.10462962962962963
