3 0.6533854166666666 0.5625 0.3421875 0.35833333333333334
3 0.3182291666666667 0.7152777777777778 0.10833333333333334 0.1212962962962963
3 0.3854166666666667 0.4467592592592593 0.08958333333333333 0.22685185185185186
0 0.3536458333333333 0.1685185185185185 0.02395833333333333 0.337037037037037
0 0.6013020833333333 0.19814814814814816 0.0421875 0.37777777777777777
0 0.9533854166666667 0.14166666666666666 0.05260416666666667 0.27592592592592596
0 0.8994791666666666 0.47175925925925927 0.04791666666666666 0.9009259259259259
0 0.9684895833333333 0.7476851851851852 0.06197916666666667 0.4620370370370371
0 0.084375 0.5467592592592593 0.030208333333333334 0.1564814814814815
0 0.13515625 0.7328703703703704 0.2703125 0.1212962962962963
0 0.45989583333333334 0.47870370370370374 0.07708333333333334 0.03333333333333333
0 0.3177083333333333 0.587962962962963 0.05416666666666667 0.10925925925925926
0 0.3638020833333333 0.6305555555555555 0.0203125 0.13148148148148148
0 0.31588541666666664 0.912962962962963 0.10989583333333333 0.17222222222222222
0 0.40651041666666665 0.7976851851851852 0.10364583333333333 0.11388888888888889
0 0.4354166666666667 0.7087962962962964 0.13854166666666667 0.030555555555555558
0 0.4005208333333333 0.11157407407407408 0.07291666666666667 0.05092592592592593
0 0.4458333333333333 0.11064814814814815 0.02395833333333333 0.20092592592592592
