3 0.6174479166666667 0.19351851851851853 0.13802083333333334 0.19814814814814816
3 0.684375 0.9398148148148149 0.26875 0.11666666666666667
3 0.40338541666666666 0.5027777777777778 0.1140625 0.9925925925925926
0 0.58046875 0.04583333333333334 0.018229166666666668 0.09166666666666667
0 0.6372395833333333 0.5157407407407407 0.0328125 0.3962962962962963
0 0.30859375 0.18935185185185185 0.025520833333333333 0.3453703703703704
0 0.30807291666666664 0.5032407407407408 0.021354166666666667 0.2175925925925926
0 0.32526041666666666 0.7546296296296297 0.022395833333333334 0.1
0 0.7434895833333334 0.2574074074074074 0.13072916666666667 0.044444444444444446
0 0.49895833333333334 0.22962962962962963 0.08958333333333333 0.02962962962962963
