3 0.5916666666666667 0.6791666666666667 0.2833333333333333 0.1212962962962963
3 0.34140625 0.09444444444444444 0.13489583333333333 0.1851851851851852
3 0.37005208333333334 0.4675925925925926 0.10885416666666667 0.5314814814814816
0 0.3416666666666667 0.8449074074074074 0.022916666666666665 0.30833333333333335
0 0.44947916666666665 0.07824074074074075 0.11770833333333333 0.058333333333333334
3 0.6799479166666667 0.05648148148148149 0.1546875 0.11296296296296297
0 0.2872395833333333 0.4115740740740741 0.04114583333333333 0.33240740740740743
0 0.771875 0.5111111111111112 0.07708333333333334 0.02592592592592593
3 0.5697916666666667 0.8569444444444445 0.21145833333333333 0.2601851851851852
0 0.4864583333333333 0.5768518518518518 0.12708333333333333 0.07962962962962963
0 0.54609375 0.1300925925925926 0.10781249999999999 0.05277777777777778
