3 0.40651041666666665 0.09351851851851853 0.08385416666666666 0.1685185185185185
3 0.42942708333333335 0.36435185185185187 0.0984375 0.15092592592592594
0 0.6919270833333333 0.4990740740740741 0.06510416666666667 0.9962962962962963
0 0.5447916666666667 0.18472222222222223 0.103125 0.0638888888888889
0 0.6091145833333333 0.04351851851851852 0.0921875 0.044444444444444446
0 0.39791666666666664 0.22592592592592595 0.04791666666666666 0.08333333333333334
0 0.47552083333333334 0.2199074074074074 0.020833333333333332 0.09907407407407408
0 0.5205729166666666 0.47500000000000003 0.21302083333333333 0.09444444444444444
0 0.4635416666666667 0.6800925925925926 0.020833333333333332 0.26944444444444443
0 0.4119791666666667 0.7773148148148148 0.03229166666666666 0.44351851851851853
0 0.5203125 0.8837962962962963 0.17708333333333334 0.03981481481481482
0 0.49244791666666665 0.6476851851851853 0.028645833333333332 0.23981481481481481
0 0.3815104166666667 0.5166666666666667 0.034895833333333334 0.1388888888888889
0 0.6440104166666667 0.6333333333333333 0.04635416666666667 0.037037037037037035
