1 0.48385416666666664 0.5750000000000001 0.08125 0.1814814814814815
3 0.6546875 0.4828703703703704 0.11562499999999999 0.9361111111111111
3 0.4010416666666667 0.8273148148148148 0.090625 0.23240740740740742
3 0.4171875 0.5 0.08229166666666667 0.07962962962962963
0 0.5346354166666667 0.4342592592592593 0.13802083333333334 0.08148148148148149
0 0.5513020833333333 0.1087962962962963 0.044270833333333336 0.2175925925925926
0 0.4471354166666667 0.13935185185185187 0.03802083333333333 0.12685185185185185
0 0.578125 0.6532407407407408 0.052083333333333336 0.1398148148148148
0 0.5770833333333333 0.9212962962962963 0.04375 0.15555555555555556
0 0.496875 0.7657407407407407 0.05416666666666667 0.17037037037037037
0 0.4200520833333333 0.6226851851851852 0.04010416666666666 0.13055555555555556
0 0.39817708333333335 0.975925925925926 0.0109375 0.0462962962962963
