3 0.7567708333333333 0.3013888888888889 0.20833333333333334 0.14537037037037037
0 0.42135416666666664 0.6949074074074074 0.034375 0.5342592592592593
0 0.6239583333333333 0.5069444444444444 0.11666666666666667 0.04166666666666667
0 0.6919270833333333 0.6916666666666667 0.03697916666666667 0.6148148148148148
0 0.7932291666666667 0.48842592592592593 0.10729166666666666 0.0787037037037037
0 0.42526041666666664 0.20972222222222223 0.019270833333333334 0.4138888888888889
0 0.5244791666666666 0.028703703703703703 0.028125 0.053703703703703705
0 0.4822916666666667 0.6240740740740741 0.08333333333333333 0.03333333333333333
0 0.5223958333333333 0.4939814814814815 0.028125 0.13611111111111113
0 0.4817708333333333 0.08796296296296297 0.09583333333333333 0.03888888888888889
0 0.521875 0.2550925925925926 0.178125 0.04722222222222222
0 0.5078125 0.1300925925925926 0.015625 0.058333333333333334
0 0.5182291666666666 0.17777777777777778 0.015625 0.0925925925925926
0 0.46796875 0.37222222222222223 0.06510416666666667 0.022222222222222223
0 0.5721354166666667 0.3212962962962963 0.07760416666666667 0.08888888888888889
0 0.8921875 0.3138888888888889 0.08541666666666667 0.016666666666666666
0 0.6330729166666667 0.27592592592592596 0.0359375 0.037037037037037035
