3 0.4927083333333333 0.17962962962962964 0.22083333333333333 0.35000000000000003
3 0.7208333333333333 0.2972222222222222 0.22916666666666666 0.12962962962962962
3 0.79453125 0.8726851851851852 0.3286458333333333 0.25277777777777777
3 0.5369791666666667 0.7300925925925926 0.17604166666666665 0.2657407407407408
0 0.49322916666666666 0.47870370370370374 0.042708333333333334 0.23148148148148148
0 0.4276041666666667 0.5884259259259259 0.04479166666666667 0.04166666666666667
0 0.46848958333333335 0.9351851851851852 0.04739583333333333 0.1277777777777778
0 0.546875 0.9375 0.03125 0.12314814814814816
0 0.6828125 0.09814814814814815 0.03333333333333333 0.1962962962962963
0 0.6278645833333333 0.1439814814814815 0.06197916666666667 0.025
0 0.3078125 0.12037037037037038 0.24270833333333333 0.11481481481481481
0 0.7096354166666666 0.44583333333333336 0.044270833333333336 0.1675925925925926
0 0.3911458333333333 0.5097222222222222 0.028125 0.08981481481481482
