3 0.5385416666666667 0.2564814814814815 0.1 0.49259259259259264
3 0.73515625 0.3944444444444445 0.2609375 0.27592592592592596
3 0.8325520833333333 0.8143518518518519 0.11197916666666667 0.2564814814814815
3 0.58984375 0.9555555555555556 0.16927083333333334 0.08703703703703704
0 0.6390625 0.7277777777777779 0.04895833333333333 0.3814814814814815
0 0.7244791666666667 0.9027777777777778 0.10416666666666667 0.03333333333333333
0 0.5682291666666667 0.8597222222222223 0.08854166666666667 0.09722222222222222
0 0.7760416666666666 0.1287037037037037 0.028125 0.2574074074074074
0 0.71484375 0.5750000000000001 0.0828125 0.06851851851851852
0 0.72578125 0.9277777777777778 0.09322916666666667 0.018518518518518517
