1 0.2765625 0.4027777777777778 0.13333333333333333 0.06481481481481481
1 0.7794270833333333 0.4291666666666667 0.0421875 0.06759259259259259
3 0.69453125 0.0912037037037037 0.1359375 0.1712962962962963
3 0.4609375 0.3550925925925926 0.13229166666666667 0.2712962962962963
0 0.209375 0.9319444444444445 0.2375 0.1287037037037037
0 0.41875 0.7194444444444444 0.04791666666666666 0.45
0 0.5091145833333334 0.6717592592592593 0.12864583333333332 0.049074074074074076
0 0.753125 0.8870370370370371 0.290625 0.044444444444444446
0 0.7119791666666666 0.2925925925925926 0.065625 0.20925925925925926
0 0.64296875 0.3175925925925926 0.05572916666666666 0.1537037037037037
0 0.50234375 0.11435185185185186 0.03697916666666667 0.2138888888888889
0 0.4309895833333333 0.15185185185185185 0.04010416666666666 0.13148148148148148
0 0.6526041666666667 0.9564814814814815 0.34270833333333334 0.07962962962962963
