3 0.221875 0.5023148148148149 0.23541666666666666 0.9935185185185186
3 0.678125 0.08888888888888889 0.057291666666666664 0.17222222222222222
3 0.7572916666666667 0.3472222222222222 0.06770833333333333 0.6444444444444445
0 0.6528645833333333 0.487962962962963 0.12447916666666667 0.1
3 0.6794270833333333 0.6189814814814815 0.0359375 0.12685185185185185
3 0.49374999999999997 0.7194444444444444 0.21145833333333333 0.5592592592592592
1 0.6963541666666666 0.8393518518518519 0.12395833333333334 0.3194444444444445
1 0.8526041666666666 0.850462962962963 0.184375 0.2972222222222222
3 0.6611979166666666 0.2939814814814815 0.06822916666666666 0.16018518518518518
0 0.5627604166666667 0.38796296296296295 0.0640625 0.09444444444444444
0 0.05572916666666666 0.8300925925925926 0.07916666666666666 0.0712962962962963
0 0.05130208333333333 0.8935185185185186 0.0921875 0.03333333333333333
3 0.46822916666666664 0.16944444444444445 0.25729166666666664 0.33333333333333337
