3 0.5515625 0.7708333333333334 0.521875 0.3509259259259259
0 0.21015625 0.6949074074074074 0.14427083333333332 0.09907407407407408
0 0.11901041666666666 0.7870370370370371 0.23802083333333332 0.07222222222222223
0 0.40234375 0.32592592592592595 0.058854166666666666 0.6518518518518519
0 0.36015625 0.5967592592592593 0.09739583333333333 0.08796296296296297
0 0.4666666666666667 0.4449074074074074 0.05625 0.015740740740740743
0 0.4984375 0.33796296296296297 0.03125 0.6759259259259259
0 0.46380208333333334 0.5800925925925926 0.0828125 0.03425925925925926
0 0.5385416666666667 0.4986111111111111 0.06145833333333333 0.0712962962962963
0 0.5716145833333334 0.6175925925925926 0.11822916666666666 0.0925925925925926
0 0.45 0.10462962962962963 0.06666666666666667 0.02592592592592593
0 0.4630208333333333 0.31342592592592594 0.078125 0.04722222222222222
