3 0.5666666666666667 0.19907407407407407 0.1 0.39814814814814814
3 0.3888020833333333 0.06805555555555556 0.06927083333333334 0.13611111111111113
0 0.3026041666666667 0.07731481481481482 0.09791666666666667 0.15462962962962964
3 0.40078125 0.7495370370370371 0.13802083333333334 0.4990740740740741
3 0.53359375 0.47824074074074074 0.1015625 0.15092592592592594
0 0.27734375 0.375 0.03177083333333333 0.5833333333333334
0 0.3609375 0.32962962962962966 0.042708333333333334 0.35185185185185186
0 0.31614583333333335 0.8087962962962963 0.034375 0.3805555555555556
3 0.53828125 0.8384259259259259 0.12447916666666667 0.15462962962962964
3 0.67421875 0.7236111111111111 0.08177083333333333 0.18425925925925926
0 0.49244791666666665 0.6046296296296296 0.0546875 0.1
0 0.5393229166666667 0.6527777777777778 0.03802083333333333 0.20555555555555557
0 0.44114583333333335 0.2476851851851852 0.026041666666666668 0.16018518518518518
0 0.43385416666666665 0.40925925925925927 0.103125 0.07407407407407407
1 0.19557291666666665 0.12916666666666668 0.0203125 0.07314814814814816
