0 0.17369791666666667 0.09814814814814815 0.10885416666666667 0.08888888888888889
3 0.47604166666666664 0.038425925925925926 0.16666666666666666 0.0712962962962963
3 0.7671875 0.08240740740740742 0.10729166666666666 0.15185185185185185
3 0.7671875 0.48333333333333334 0.1 0.16296296296296298
0 0.40520833333333334 0.17083333333333334 0.014583333333333334 0.17314814814814816
0 0.46848958333333335 0.2518518518518519 0.0328125 0.3148148148148148
0 0.4317708333333333 0.17962962962962964 0.036458333333333336 0.02962962962962963
0 0.44375 0.800462962962963 0.05416666666666667 0.225
0 0.4609375 0.9717592592592593 0.026041666666666668 0.05462962962962963
0 0.5255208333333333 0.7314814814814815 0.08958333333333333 0.08333333333333334
0 0.63515625 0.16620370370370371 0.0359375 0.27870370370370373
0 0.5859375 0.10370370370370371 0.051041666666666666 0.0462962962962963
0 0.6294270833333333 0.4949074074074074 0.030729166666666665 0.3287037037037037
0 0.67578125 0.5162037037037037 0.057812499999999996 0.04166666666666667
0 0.7854166666666667 0.2712962962962963 0.016666666666666666 0.16666666666666669
0 0.7833333333333333 0.750925925925926 0.020833333333333332 0.3648148148148148
0 0.7125 0.688425925925926 0.052083333333333336 0.1953703703703704
1 0.721875 0.9342592592592593 0.03333333333333333 0.11666666666666667
1 0.8468749999999999 0.29444444444444445 0.035416666666666666 0.07037037037037037
3 0.1328125 0.913888888888889 0.11562499999999999 0.10555555555555556
