3 0.4747395833333333 0.16481481481481483 0.13697916666666665 0.2962962962962963
3 0.7575520833333333 0.05925925925925926 0.1421875 0.10740740740740741
3 0.615625 0.21342592592592594 0.07395833333333333 0.1212962962962963
3 0.7786458333333334 0.40925925925925927 0.06354166666666666 0.19074074074074074
3 0.44869791666666664 0.6611111111111111 0.0671875 0.662962962962963
3 0.7591145833333334 0.8462962962962963 0.13489583333333333 0.3055555555555556
0 0.7697916666666667 0.6 0.051041666666666666 0.17407407407407408
0 0.61953125 0.6449074074074075 0.033854166666666664 0.7083333333333334
0 0.5489583333333333 0.8444444444444444 0.09375 0.03333333333333333
0 0.6854166666666667 0.43333333333333335 0.08645833333333333 0.07222222222222223
0 0.7458333333333333 0.16342592592592592 0.05416666666666667 0.03981481481481482
0 0.77578125 0.25787037037037036 0.025520833333333333 0.11574074074074074
0 0.6177083333333333 0.07407407407407407 0.03333333333333333 0.13703703703703704
0 0.8351562499999999 0.04351851851851852 0.059895833333333336 0.022222222222222223
2 0.8559895833333333 0.8587962962962963 0.09947916666666666 0.032407407407407406
