3 0.35885416666666664 0.06527777777777778 0.25 0.13055555555555556
3 0.44869791666666664 0.3055555555555556 0.09635416666666667 0.3351851851851852
3 0.24296874999999998 0.31342592592592594 0.15364583333333334 0.33425925925925926
3 0.5494791666666666 0.662962962962963 0.28229166666666666 0.27037037037037037
3 0.27890625 0.6291666666666667 0.0640625 0.27685185185185185
0 0.19036458333333334 0.5592592592592592 0.015104166666666667 0.14814814814814814
0 0.28072916666666664 0.8851851851851852 0.058333333333333334 0.0925925925925926
0 0.36328125 0.7847222222222222 0.0890625 0.06944444444444445
0 0.3692708333333333 0.6972222222222223 0.08333333333333333 0.05555555555555556
0 0.35859375 0.4 0.08385416666666666 0.04814814814814815
0 0.3598958333333333 0.45231481481481484 0.071875 0.036111111111111115
0 0.3442708333333333 0.25462962962962965 0.028125 0.23703703703703705
0 0.39036458333333335 0.1685185185185185 0.030729166666666665 0.02592592592592593
0 0.17994791666666665 0.07685185185185185 0.0359375 0.1277777777777778
0 0.7260416666666667 0.5810185185185185 0.057291666666666664 0.05277777777777778
0 0.228125 0.6226851851851852 0.040625 0.021296296296296296
0 0.47812499999999997 0.9018518518518519 0.036458333333333336 0.17407407407407408
0 0.5369791666666667 0.8476851851851852 0.03229166666666666 0.10833333333333334
0 0.5755208333333334 0.951388888888889 0.03333333333333333 0.09537037037037037
