3 0.43515624999999997 0.27731481481481485 0.1109375 0.5398148148148149
3 0.75859375 0.32175925925925924 0.1421875 0.22314814814814815
3 0.7658854166666667 0.6268518518518519 0.12552083333333333 0.21481481481481482
0 0.3953125 0.6986111111111112 0.04479166666666667 0.28240740740740744
0 0.45208333333333334 0.7898148148148149 0.03958333333333333 0.4185185185185185
0 0.6135416666666667 0.6277777777777778 0.04583333333333333 0.5537037037037037
2 0.5520833333333334 0.6509259259259259 0.07083333333333333 0.02962962962962963
0 0.6158854166666666 0.10694444444444445 0.033854166666666664 0.2064814814814815
0 0.6190104166666667 0.31342592592592594 0.07864583333333333 0.09166666666666667
0 0.7630208333333334 0.10648148148148148 0.040625 0.20555555555555557
0 0.87265625 0.3601851851851852 0.07447916666666667 0.1
0 0.7721354166666666 0.8328703703703704 0.025520833333333333 0.14166666666666666
0 0.7427083333333333 0.9518518518518518 0.03125 0.09444444444444444
0 0.7770833333333333 0.9532407407407407 0.029166666666666667 0.09166666666666667
0 0.5080729166666667 0.5365740740740741 0.0421875 0.09907407407407408
