3 0.46484375 0.6037037037037037 0.11822916666666666 0.20925925925925926
3 0.40546875 0.09398148148148149 0.0546875 0.18796296296296297
0 0.3294270833333333 0.4476851851851852 0.044270833333333336 0.8953703703703704
0 0.3723958333333333 0.7921296296296296 0.04375 0.02314814814814815
0 0.42343749999999997 0.8666666666666667 0.034375 0.26481481481481484
0 0.38359375 0.9236111111111112 0.0453125 0.05277777777777778
0 0.40989583333333335 0.337037037037037 0.030208333333333334 0.1537037037037037
0 0.3802083333333333 0.5189814814814815 0.04375 0.0787037037037037
0 0.4947916666666667 0.2523148148148148 0.04375 0.4898148148148148
0 0.5776041666666667 0.036111111111111115 0.109375 0.05740740740740741
3 0.5809895833333333 0.5393518518518519 0.09947916666666666 0.18796296296296297
0 0.59140625 0.8199074074074074 0.049479166666666664 0.35833333333333334
0 0.5684895833333333 0.25601851851851853 0.049479166666666664 0.3675925925925926
