3 0.48020833333333335 0.362962962962963 0.096875 0.12222222222222223
3 0.5682291666666667 0.6087962962962963 0.13541666666666666 0.1638888888888889
3 0.7356770833333334 0.17962962962962964 0.0828125 0.32222222222222224
3 0.7166666666666667 0.5162037037037037 0.13333333333333333 0.3527777777777778
3 0.7651041666666667 0.787962962962963 0.18333333333333332 0.15925925925925927
0 0.8072916666666666 0.549537037037037 0.0375 0.032407407407407406
0 0.6684895833333333 0.2337962962962963 0.030729166666666665 0.17685185185185187
3 0.8119791666666667 0.9375 0.03854166666666667 0.11203703703703705
0 0.46197916666666666 0.5990740740740741 0.084375 0.06296296296296297
0 0.4497395833333333 0.5027777777777778 0.021354166666666667 0.11111111111111112
0 0.46432291666666664 0.15231481481481482 0.0234375 0.2935185185185185
0 0.5635416666666666 0.28194444444444444 0.026041666666666668 0.075
0 0.8088541666666667 0.5902777777777778 0.04375 0.026851851851851852
