3 0.59609375 0.22314814814814815 0.04010416666666666 0.4462962962962963
3 0.6510416666666666 0.225 0.07395833333333333 0.45
3 0.6916666666666667 0.7037037037037037 0.14270833333333333 0.21666666666666667
3 0.45546875 0.5203703703703704 0.05572916666666666 0.8018518518518519
0 0.12604166666666666 0.2865740740740741 0.18333333333333332 0.030555555555555558
0 0.23177083333333334 0.33981481481481485 0.36875 0.05185185185185186
0 0.3567708333333333 0.437962962962963 0.128125 0.09074074074074075
0 0.8294270833333334 0.513888888888889 0.15052083333333333 0.02962962962962963
0 0.7440104166666667 0.2212962962962963 0.0859375 0.06481481481481481
3 0.634375 0.9171296296296296 0.04583333333333333 0.1638888888888889
0 0.40989583333333335 0.9263888888888889 0.065625 0.021296296296296296
0 0.3723958333333333 0.9407407407407408 0.017708333333333333 0.09814814814814815
3 0.6567708333333333 0.5097222222222222 0.19895833333333332 0.10833333333333334
3 0.590625 0.7847222222222222 0.027083333333333334 0.4287037037037037
0 0.53046875 0.34814814814814815 0.10052083333333334 0.0462962962962963
0 0.5330729166666667 0.40185185185185185 0.0796875 0.03888888888888889
0 0.5286458333333334 0.4412037037037037 0.0875 0.017592592592592594
0 0.5302083333333333 0.46620370370370373 0.06354166666666666 0.021296296296296296
0 0.5096354166666667 0.4861111111111111 0.0515625 0.022222222222222223
0 0.53828125 0.5111111111111112 0.050520833333333334 0.016666666666666666
0 0.515625 0.5916666666666667 0.07604166666666666 0.03333333333333333
