3 0.64453125 0.21805555555555556 0.1046875 0.1675925925925926
3 0.4421875 0.125 0.04791666666666666 0.24629629629629632
0 0.34479166666666666 0.03333333333333333 0.10625 0.06666666666666667
0 0.3078125 0.2138888888888889 0.036458333333333336 0.13518518518518519
0 0.3885416666666667 0.5226851851851853 0.05520833333333333 0.6546296296296297
0 0.21328125 0.9185185185185185 0.3067708333333333 0.08333333333333334
3 0.43828125 0.9458333333333334 0.08385416666666666 0.05648148148148149
0 0.5596354166666666 0.6708333333333334 0.028645833333333332 0.5694444444444444
3 0.6111979166666667 0.34953703703703703 0.0359375 0.10277777777777779
0 0.684375 0.8518518518518519 0.19583333333333333 0.11666666666666667
