3 0.5065104166666666 0.2925925925925926 0.11510416666666666 0.5555555555555556
3 0.6877604166666667 0.562962962962963 0.08072916666666667 0.4740740740740741
3 0.7221354166666667 0.9 0.2109375 0.19814814814814816
3 0.7518229166666667 0.22777777777777777 0.19010416666666666 0.15
3 0.7041666666666666 0.07314814814814816 0.08541666666666667 0.1388888888888889
0 0.92421875 0.19768518518518519 0.1390625 0.036111111111111115
0 0.7924479166666667 0.47731481481481486 0.044270833333333336 0.27685185185185185
0 0.55859375 0.6689814814814815 0.03697916666666667 0.08796296296296297
0 0.47291666666666665 0.7356481481481482 0.026041666666666668 0.3175925925925926
0 0.57890625 0.9328703703703705 0.059895833333333336 0.13240740740740742
0 0.40963541666666664 0.4236111111111111 0.049479166666666664 0.20092592592592592
0 0.5841145833333333 0.14907407407407408 0.04114583333333333 0.020370370370370372
0 0.5984375 0.17222222222222222 0.06354166666666666 0.022222222222222223
0 0.61171875 0.2013888888888889 0.0890625 0.028703703703703703
0 0.6049479166666667 0.33564814814814814 0.07760416666666667 0.021296296296296296
0 0.7453125 0.6046296296296296 0.030208333333333334 0.22777777777777777
0 0.5169270833333334 0.8453703703703704 0.0609375 0.02592592592592593
