1 0.3580729166666667 0.5615740740740741 0.0546875 0.08055555555555556
0 0.24270833333333333 0.09027777777777778 0.09583333333333333 0.125
0 0.23046875 0.20092592592592592 0.1015625 0.11111111111111112
3 0.3893229166666667 0.7282407407407407 0.12343749999999999 0.2490740740740741
3 0.40651041666666665 0.30972222222222223 0.17135416666666667 0.39722222222222225
3 0.4466145833333333 0.5638888888888889 0.0859375 0.11111111111111112
0 0.534375 0.16111111111111112 0.08229166666666667 0.14074074074074075
0 0.6854166666666667 0.04537037037037037 0.234375 0.03518518518518519
0 0.6385416666666667 0.13611111111111113 0.0875 0.02592592592592593
0 0.49192708333333335 0.8305555555555556 0.0703125 0.0925925925925926
1 0.425 0.8986111111111111 0.04791666666666666 0.06759259259259259
1 0.3723958333333333 0.9856481481481482 0.042708333333333334 0.026851851851851852
0 0.3072916666666667 0.31157407407407406 0.04479166666666667 0.10092592592592593
0 0.5450520833333333 0.020833333333333336 0.0390625 0.04166666666666667
