3 0.359375 0.3574074074074074 0.71875 0.39814814814814814
3 0.259375 0.6569444444444444 0.20625 0.2175925925925926
3 0.22239583333333332 0.075 0.23645833333333333 0.1425925925925926
0 0.8645833333333334 0.24074074074074076 0.26979166666666665 0.05925925925925926
0 0.259375 0.8893518518518518 0.06145833333333333 0.21944444444444444
0 0.1875 0.8925925925925926 0.0375 0.21296296296296297
0 0.44557291666666665 0.5981481481481482 0.15989583333333332 0.07222222222222223
0 0.11119791666666666 0.6513888888888889 0.0734375 0.2064814814814815
1 0.8372395833333334 0.8027777777777778 0.04010416666666666 0.11481481481481481
0 0.76796875 0.29814814814814816 0.10260416666666666 0.053703703703703705
