3 0.45703125 0.300462962962963 0.14010416666666667 0.1675925925925926
3 0.6580729166666667 0.22592592592592595 0.0734375 0.21851851851851853
3 0.50546875 0.10277777777777779 0.05572916666666666 0.20555555555555557
3 0.7044270833333334 0.7810185185185186 0.1046875 0.27314814814814814
3 0.671875 0.49953703703703706 0.04583333333333333 0.2601851851851852
3 0.38984375 0.8643518518518519 0.09427083333333333 0.14166666666666666
3 0.40729166666666666 0.5398148148148149 0.08333333333333333 0.29444444444444445
0 0.5143229166666666 0.8902777777777778 0.1484375 0.03981481481481482
0 0.4744791666666667 0.9574074074074075 0.08229166666666667 0.08148148148148149
0 0.5036458333333333 0.4518518518518519 0.022916666666666665 0.12592592592592594
0 0.38177083333333334 0.7314814814814815 0.009375 0.08333333333333334
0 0.43359375 0.7347222222222223 0.015104166666666667 0.11018518518518519
0 0.6375 0.6597222222222222 0.036458333333333336 0.036111111111111115
0 0.67109375 0.05462962962962963 0.01614583333333333 0.09074074074074075
0 0.4421875 0.15972222222222224 0.02395833333333333 0.10462962962962963
0 0.33177083333333335 0.125 0.02395833333333333 0.11296296296296297
