3 0.428125 0.10138888888888889 0.12708333333333333 0.20277777777777778
3 0.6403645833333333 0.16018518518518518 0.14427083333333332 0.32037037037037036
3 0.6794270833333333 0.4328703703703704 0.24010416666666667 0.24351851851851852
3 0.49192708333333335 0.549074074074074 0.13489583333333333 0.3037037037037037
3 0.4591145833333333 0.2990740740740741 0.057812499999999996 0.18888888888888888
0 0.10286458333333333 0.47361111111111115 0.20572916666666666 0.07685185185185185
3 0.3203125 0.4300925925925926 0.06770833333333333 0.13611111111111113
0 0.34453125 0.27870370370370373 0.03697916666666667 0.1462962962962963
0 0.39947916666666666 0.33564814814814814 0.034375 0.08796296296296297
0 0.38828125 0.40324074074074073 0.0671875 0.025
0 0.390625 0.46620370370370373 0.05625 0.05092592592592593
0 0.2526041666666667 0.5162037037037037 0.084375 0.036111111111111115
0 0.259375 0.46111111111111114 0.058333333333333334 0.03888888888888889
0 0.3833333333333333 0.8675925925925926 0.029166666666666667 0.25925925925925924
0 0.8497395833333333 0.3601851851851852 0.07760416666666667 0.04259259259259259
0 0.8598958333333333 0.46481481481481485 0.09791666666666667 0.02777777777777778
3 0.6885416666666666 0.6208333333333333 0.17708333333333334 0.11203703703703705
0 0.5854166666666667 0.5990740740740741 0.034375 0.016666666666666666
0 0.6346354166666667 0.9736111111111111 0.028645833333333332 0.030555555555555558
0 0.51875 0.3078703703703704 0.0875 0.05277777777777778
