0 0.4473958333333333 0.46851851851851856 0.18125 0.07592592592592592
0 0.43828125 0.20092592592592592 0.0328125 0.37222222222222223
0 0.17916666666666667 0.4652777777777778 0.35104166666666664 0.09166666666666667
0 0.5747395833333333 0.48240740740740745 0.04010416666666666 0.022222222222222223
0 0.6518229166666667 0.7837962962962963 0.03177083333333333 0.4305555555555556
0 0.5690104166666666 0.5939814814814816 0.10572916666666667 0.032407407407407406
0 0.6018229166666667 0.6643518518518519 0.0171875 0.08240740740740742
0 0.7013020833333333 0.17407407407407408 0.0203125 0.13148148148148148
0 0.44453125 0.8314814814814815 0.0234375 0.3314814814814815
0 0.42473958333333334 0.5893518518518519 0.17552083333333332 0.05462962962962963
0 0.4705729166666667 0.6421296296296296 0.24427083333333333 0.0638888888888889
0 0.4783854166666667 0.8444444444444444 0.0671875 0.02962962962962963
