0 0.5736979166666667 0.8199074074074074 0.10260416666666666 0.35833333333333334
3 0.3997395833333333 0.27685185185185185 0.04010416666666666 0.5537037037037037
0 0.44895833333333335 0.12175925925925926 0.08125 0.11388888888888889
3 0.6859375 0.06064814814814815 0.11354166666666667 0.09907407407407408
0 0.80546875 0.017592592592592594 0.11197916666666667 0.03518518518518519
0 0.6041666666666666 0.14351851851851852 0.02395833333333333 0.11851851851851852
0 0.6083333333333333 0.31203703703703706 0.015625 0.13518518518518519
0 0.4419270833333333 0.2087962962962963 0.06302083333333333 0.03425925925925926
0 0.3515625 0.4217592592592593 0.041666666666666664 0.05462962962962963
0 0.30807291666666664 0.8250000000000001 0.028645833333333332 0.34814814814814815
0 0.36354166666666665 0.9537037037037037 0.07708333333333334 0.02777777777777778
3 0.34713541666666664 0.6935185185185185 0.0671875 0.12407407407407407
