3 0.6708333333333333 0.15 0.2375 0.2888888888888889
3 0.66171875 0.5462962962962963 0.15052083333333333 0.18888888888888888
0 0.6169270833333333 0.8194444444444445 0.033854166666666664 0.35185185185185186
0 0.5049479166666666 0.2574074074074074 0.08072916666666667 0.2388888888888889
0 0.49166666666666664 0.043055555555555555 0.10833333333333334 0.075
0 0.5893229166666667 0.4027777777777778 0.06822916666666666 0.08148148148148149
0 0.6627604166666666 0.3490740740740741 0.04114583333333333 0.11481481481481481
0 0.7229166666666667 0.3300925925925926 0.03125 0.0638888888888889
0 0.8486979166666666 0.2125 0.1421875 0.04537037037037037
0 0.7690104166666667 0.47500000000000003 0.0390625 0.02962962962962963
0 0.7661458333333333 0.5231481481481481 0.057291666666666664 0.024074074074074074
0 0.72421875 0.8527777777777779 0.07239583333333333 0.044444444444444446
