3 0.51796875 0.4935185185185185 0.48072916666666665 0.21666666666666667
3 0.3614583333333333 0.712037037037037 0.171875 0.21296296296296297
3 0.16770833333333332 0.6476851851851853 0.21979166666666666 0.25833333333333336
0 0.03046875 0.7277777777777779 0.057812499999999996 0.03333333333333333
0 0.028906249999999998 0.7671296296296296 0.0453125 0.04537037037037037
3 0.6841145833333333 0.13148148148148148 0.07552083333333333 0.2574074074074074
0 0.6807291666666666 0.312962962962963 0.06354166666666666 0.11851851851851852
1 0.6752604166666667 0.7296296296296296 0.04114583333333333 0.18333333333333335
0 0.4114583333333333 0.9490740740740741 0.06770833333333333 0.02592592592592593
1 0.5484375 0.8106481481481482 0.203125 0.3768518518518519
0 0.3731770833333333 0.8638888888888889 0.019270833333333334 0.10185185185185186
3 0.6854166666666667 0.9180555555555556 0.06458333333333333 0.16203703703703703
