3 0.6950520833333333 0.4990740740740741 0.18385416666666665 0.9796296296296296
3 0.11901041666666666 0.1851851851851852 0.0859375 0.16296296296296298
3 0.5177083333333333 0.46851851851851856 0.090625 0.1685185185185185
0 0.48593749999999997 0.13935185185185187 0.15625 0.08611111111111111
0 0.2453125 0.22175925925925927 0.15416666666666667 0.06944444444444445
0 0.03177083333333333 0.04537037037037037 0.046875 0.06296296296296297
0 0.03567708333333333 0.1277777777777778 0.06822916666666666 0.07592592592592592
0 0.27369791666666665 0.46574074074074073 0.36822916666666666 0.10740740740740741
0 0.58515625 0.5050925925925926 0.033854166666666664 0.10648148148148148
0 0.5880208333333333 0.8046296296296297 0.03333333333333333 0.37777777777777777
0 0.8046875 0.8976851851851853 0.084375 0.021296296296296296
0 0.5885416666666666 0.19722222222222224 0.022916666666666665 0.1685185185185185
0 0.484375 0.31157407407407406 0.035416666666666666 0.16018518518518518
