3 0.5083333333333333 0.6291666666666667 0.42916666666666664 0.19166666666666668
0 0.07682291666666667 0.13240740740740742 0.03802083333333333 0.23703703703703705
0 0.20416666666666666 0.11898148148148148 0.028125 0.21203703703703705
0 0.15755208333333334 0.2523148148148148 0.10989583333333333 0.058333333333333334
0 0.36328125 0.2884259259259259 0.29010416666666666 0.15092592592592594
0 0.2734375 0.026851851851851852 0.029166666666666667 0.053703703703703705
0 0.184375 0.8990740740740741 0.03229166666666666 0.2
0 0.18854166666666666 0.5203703703703704 0.06458333333333333 0.024074074074074074
0 0.23854166666666665 0.5166666666666667 0.028125 0.2574074074074074
0 0.2625 0.6930555555555555 0.05 0.08240740740740742
0 0.24635416666666665 0.8675925925925926 0.016666666666666666 0.26296296296296295
0 0.3515625 0.7578703703703704 0.06979166666666667 0.05648148148148149
3 0.6361979166666667 0.8375 0.057812499999999996 0.08981481481481482
0 0.7880208333333333 0.5587962962962963 0.13020833333333334 0.09351851851851853
0 0.08203125 0.4703703703703704 0.059895833333333336 0.412962962962963
0 0.2864583333333333 0.8717592592592593 0.05625 0.25462962962962965
