3 0.7643229166666666 0.10324074074074074 0.13489583333333333 0.2064814814814815
3 0.5919270833333333 0.3194444444444445 0.12447916666666667 0.14074074074074075
0 0.63125 0.12731481481481483 0.028125 0.23981481481481481
0 0.590625 0.058333333333333334 0.020833333333333332 0.07592592592592592
0 0.6700520833333333 0.025462962962962965 0.025520833333333333 0.036111111111111115
0 0.746875 0.6291666666666667 0.06041666666666667 0.7398148148148148
0 0.5765625 0.5606481481481481 0.03229166666666666 0.33611111111111114
0 0.6528645833333333 0.5606481481481481 0.14427083333333332 0.0712962962962963
0 0.6161458333333333 0.6731481481481482 0.02395833333333333 0.13333333333333333
0 0.67734375 0.7398148148148148 0.10781249999999999 0.03888888888888889
0 0.3971354166666667 0.8736111111111111 0.12552083333333333 0.03796296296296296
0 0.45546875 0.9416666666666667 0.12760416666666666 0.08333333333333334
0 0.5231770833333333 0.8148148148148149 0.11822916666666666 0.15555555555555556
0 0.6421875 0.8078703703703703 0.10208333333333333 0.08055555555555556
0 0.6020833333333333 0.9305555555555556 0.030208333333333334 0.13703703703703704
0 0.84921875 0.6837962962962963 0.1390625 0.1212962962962963
0 0.76484375 0.22870370370370371 0.04739583333333333 0.03333333333333333
0 0.5890625 0.19305555555555556 0.042708333333333334 0.10277777777777779
0 0.46822916666666664 0.3143518518518519 0.11875 0.030555555555555558
