3 0.684375 0.5222222222222223 0.37083333333333335 0.38333333333333336
3 0.7760416666666666 0.9069444444444444 0.159375 0.18425925925925926
0 0.12630208333333334 0.3680555555555556 0.24739583333333334 0.09907407407407408
3 0.36875 0.45833333333333337 0.228125 0.1574074074074074
0 0.5268229166666667 0.2986111111111111 0.10885416666666667 0.0712962962962963
0 0.6286458333333333 0.15694444444444444 0.03958333333333333 0.2953703703703704
0 0.7424479166666667 0.2967592592592593 0.0296875 0.06759259259259259
0 0.7809895833333333 0.11805555555555557 0.0203125 0.2175925925925926
0 0.7838541666666666 0.28194444444444444 0.022916666666666665 0.0787037037037037
0 0.9317708333333333 0.3939814814814815 0.06041666666666667 0.03981481481481482
