3 0.3638020833333333 0.05462962962962963 0.09635416666666667 0.10925925925925926
3 0.60859375 0.25833333333333336 0.07552083333333333 0.3592592592592593
3 0.53359375 0.775462962962963 0.11302083333333333 0.30462962962962964
0 0.5463541666666667 0.125 0.028125 0.17777777777777778
0 0.6333333333333333 0.04027777777777778 0.034375 0.08055555555555556
0 0.6111979166666667 0.5273148148148148 0.05260416666666667 0.10648148148148148
0 0.43385416666666665 0.925 0.11875 0.0462962962962963
0 0.46197916666666666 0.03981481481481482 0.05 0.06851851851851852
0 0.65 0.8 0.121875 0.1574074074074074
0 0.5841145833333333 0.03518518518518519 0.0359375 0.07037037037037037
2 0.8585937499999999 0.07453703703703704 0.1359375 0.08611111111111111
3 0.90078125 0.17916666666666667 0.18177083333333333 0.14537037037037037
