3 0.5575520833333333 0.3111111111111111 0.5203125 0.22222222222222224
0 0.22213541666666667 0.3092592592592593 0.1453125 0.05740740740740741
0 0.22473958333333333 0.3712962962962963 0.14010416666666667 0.061111111111111116
3 0.3671875 0.587037037037037 0.06458333333333333 0.34444444444444444
0 0.46588541666666666 0.4620370370370371 0.12343749999999999 0.08333333333333334
0 0.5453125 0.7527777777777778 0.06145833333333333 0.48703703703703705
0 0.3223958333333333 0.8555555555555556 0.03125 0.1814814814814815
0 0.40703125 0.062037037037037036 0.14322916666666666 0.05185185185185186
0 0.84921875 0.22685185185185186 0.05572916666666666 0.0462962962962963
0 0.2591145833333333 0.6773148148148148 0.0203125 0.6342592592592593
0 0.25729166666666664 0.2657407407407408 0.1125 0.04814814814814815
