0 0.22237500000000002 0.5688333333333333 0.01375 0.079
0 0.7701250000000001 0.23366666666666666 0.20725000000000002 0.07933333333333333
0 0.566875 0.1505 0.19075 0.07566666666666666
0 0.77 0.42033333333333334 0.03 0.2693333333333333
0 0.54875 0.050333333333333334 0.03 0.09533333333333333
0 0.312625 0.27199999999999996 0.01025 0.08666666666666667
0 0.255875 0.9278333333333333 0.02225 0.14366666666666666
0 0.54025 0.5471666666666667 0.0275 0.09233333333333334
0 0.4815 0.724 0.0245 0.12066666666666666
0 0.471375 0.8823333333333333 0.02425 0.12133333333333333
0 0.547625 0.7426666666666667 0.04925 0.20933333333333332
0 0.6551250000000001 0.7626666666666666 0.04275 0.36
0 0.6015 0.565 0.057 0.04466666666666667
0 0.78825 0.5973333333333333 0.196 0.03933333333333333
0 0.6715 0.45649999999999996 0.023 0.21033333333333332
0 0.2175 0.306 0.025 0.4066666666666667
0 0.255375 0.0475 0.01925 0.09166666666666666
0 0.336875 0.519 0.09425 0.018666666666666665
0 0.5315 0.30616666666666664 0.0465 0.16366666666666665
0 0.949875 0.06033333333333333 0.09975 0.056
0 0.96025 0.15416666666666667 0.067 0.12833333333333333
0 0.91225 0.22466666666666665 0.048 0.07066666666666667
0 0.8915000000000001 0.07466666666666666 0.015 0.13266666666666665
