0 0.143375 0.1655 0.19975 0.03766666666666667
0 0.23800000000000002 0.06883333333333333 0.0285 0.11699999999999999
0 0.3075 0.03233333333333333 0.1 0.02
0 0.246125 0.3655 0.03375 0.301
0 0.55475 0.5208333333333334 0.17200000000000001 0.08966666666666666
0 0.758 0.6118333333333333 0.2015 0.09433333333333332
0 0.758375 0.8003333333333333 0.03475 0.2733333333333333
0 0.647625 0.7198333333333333 0.04925 0.12166666666666666
0 0.70425 0.947 0.32 0.08066666666666666
0 0.509 0.9298333333333333 0.0635 0.123
0 0.307625 0.6485 0.01825 0.08833333333333333
0 0.647875 0.12783333333333333 0.06575 0.239
0 0.554875 0.31166666666666665 0.04025 0.3113333333333333
0 0.288625 0.242 0.021750000000000002 0.246
0 0.20675000000000002 0.7283333333333333 0.0235 0.478
0 0.901875 0.22466666666666665 0.04625 0.025333333333333333
0 0.877375 0.31466666666666665 0.01225 0.27666666666666667
0 0.926625 0.45766666666666667 0.11275 0.08
0 0.950875 0.5519999999999999 0.08125 0.11399999999999999
0 0.8995 0.607 0.0405 0.064
