0 0.205625 0.7106666666666667 0.00675 0.07733333333333334
0 0.295875 0.42633333333333334 0.012750000000000001 0.09799999999999999
0 0.640125 0.33399999999999996 0.45525 0.148
0 0.763375 0.566 0.05075 0.24866666666666665
0 0.73825 0.7416666666666667 0.2565 0.06866666666666667
0 0.637 0.8931666666666667 0.031 0.213
0 0.5455 0.7464999999999999 0.0965 0.24966666666666665
0 0.474625 0.8931666666666667 0.03825 0.213
0 0.95275 0.29733333333333334 0.082 0.148
0 0.89625 0.367 0.051000000000000004 0.07733333333333334
0 0.9423750000000001 0.20366666666666666 0.10575 0.041999999999999996
0 0.882 0.11583333333333333 0.015 0.11833333333333333
