0 0.216625 0.033999999999999996 0.01325 0.06799999999999999
0 0.258625 0.3485 0.01175 0.056999999999999995
0 0.3775 0.726 0.2965 0.102
0 0.470375 0.204 0.03175 0.16599999999999998
0 0.469625 0.39116666666666666 0.017750000000000002 0.13166666666666665
0 0.533 0.12316666666666666 0.036000000000000004 0.21966666666666665
0 0.7242500000000001 0.049499999999999995 0.3335 0.071
0 0.645625 0.2345 0.02075 0.285
0 0.70625 0.6715 0.024 0.6496666666666666
0 0.668 0.7046666666666667 0.0415 0.5333333333333333
0 0.592625 0.7908333333333333 0.10225000000000001 0.041
0 0.470375 0.5439999999999999 0.02475 0.14533333333333334
0 0.154 0.6091666666666666 0.0145 0.14433333333333334
0 0.25275000000000003 0.40599999999999997 0.0095 0.04466666666666667
0 0.18625 0.357 0.117 0.030666666666666665
