0 0.22012500000000002 0.41333333333333333 0.01525 0.078
0 0.262375 0.77 0.01575 0.10333333333333333
0 0.76175 0.062 0.249 0.08866666666666666
0 0.77525 0.25316666666666665 0.026000000000000002 0.2823333333333333
0 0.54575 0.4716666666666667 0.0385 0.23533333333333334
0 0.486875 0.6093333333333333 0.03625 0.204
0 0.725875 0.43016666666666664 0.31475000000000003 0.06566666666666666
0 0.657125 0.6401666666666667 0.02825 0.29366666666666663
0 0.681875 0.9026666666666666 0.03775 0.194
0 0.7205 0.8621666666666666 0.0325 0.27499999999999997
0 0.4875 0.8878333333333333 0.043500000000000004 0.20099999999999998
0 0.313 0.12433333333333332 0.0175 0.11533333333333333
0 0.676625 0.2698333333333333 0.03075 0.243
0 0.176125 0.7458333333333333 0.10975 0.034333333333333334
0 0.165375 0.8341666666666666 0.03075 0.08766666666666667
0 0.9187500000000001 0.065 0.05 0.07666666666666666
0 0.9605 0.027166666666666665 0.0325 0.030333333333333334
