0 0.256875 0.09616666666666666 0.03375 0.11433333333333333
0 0.36125 0.426 0.275 0.09799999999999999
0 0.47550000000000003 0.13849999999999998 0.0335 0.22566666666666665
0 0.639875 0.056666666666666664 0.02875 0.09466666666666666
0 0.71 0.4375 0.0315 0.8183333333333334
0 0.6707500000000001 0.29516666666666663 0.023 0.3143333333333333
0 0.65575 0.6365 0.067 0.29233333333333333
0 0.6168750000000001 0.8988333333333333 0.07725 0.20166666666666666
0 0.834875 0.17666666666666667 0.08525 0.043333333333333335
0 0.47650000000000003 0.699 0.0615 0.21533333333333332
0 0.591 0.5061666666666667 0.0615 0.017666666666666667
