0 0.152875 0.2695 0.18325 0.028333333333333332
0 0.244375 0.11699999999999999 0.03125 0.21533333333333332
0 0.315875 0.13516666666666666 0.10025 0.024333333333333332
0 0.2965 0.347 0.035500000000000004 0.3153333333333333
0 0.247125 0.4498333333333333 0.03425 0.245
0 0.314125 0.7288333333333333 0.01875 0.06833333333333333
0 0.575375 0.6275 0.15225 0.09166666666666666
0 0.763625 0.7146666666666667 0.19875 0.08466666666666667
0 0.753 0.8733333333333333 0.023 0.21333333333333332
0 0.64875 0.7623333333333333 0.023 0.184
0 0.65225 0.18416666666666667 0.067 0.3343333333333333
0 0.579 0.14866666666666667 0.056 0.02733333333333333
0 0.543875 0.4408333333333333 0.01575 0.25966666666666666
0 0.215125 0.7728333333333333 0.02725 0.441
0 0.89875 0.6991666666666666 0.051500000000000004 0.06833333333333333
0 0.964125 0.6133333333333333 0.06975 0.13599999999999998
0 0.9405 0.5395 0.116 0.051
0 0.8795000000000001 0.451 0.007 0.132
