3 0.65225 0.17983333333333332 0.11 0.34099999999999997
0 0.62 0.35816666666666663 0.1795 0.024999999999999998
0 0.679 0.6084999999999999 0.035 0.2703333333333333
0 0.25825 0.3431666666666667 0.0735 0.029666666666666664
0 0.256125 0.46249999999999997 0.01575 0.14966666666666667
0 0.312125 0.5711666666666666 0.14575 0.061
0 0.28625 0.7193333333333333 0.0225 0.18066666666666667
0 0.45725 0.7368333333333333 0.023 0.13899999999999998
0 0.538625 0.6936666666666667 0.02925 0.062
0 0.739125 0.896 0.06225 0.030666666666666665
0 0.599625 0.9336666666666666 0.02625 0.13066666666666665
0 0.14825 0.8618333333333333 0.0175 0.27566666666666667
0 0.29525 0.46149999999999997 0.0585 0.018333333333333333
0 0.664375 0.9501666666666666 0.01925 0.09899999999999999
0 0.289 0.2693333333333333 0.006500000000000001 0.056666666666666664
0 0.265125 0.13816666666666666 0.00875 0.055
0 0.28375 0.19883333333333333 0.009000000000000001 0.07566666666666666
