0 0.8125 0.2593333333333333 0.1635 0.04666666666666666
0 0.70025 0.5735 0.014 0.31166666666666665
0 0.689375 0.9436666666666667 0.18275 0.08399999999999999
0 0.845 0.47883333333333333 0.0885 0.04566666666666667
0 0.263 0.3475 0.0415 0.257
0 0.31075 0.817 0.1385 0.06066666666666667
0 0.232875 0.9136666666666666 0.03425 0.13799999999999998
0 0.702125 0.13649999999999998 0.02425 0.20299999999999999
0 0.795125 0.17216666666666666 0.02275 0.12366666666666666
0 0.728 0.8093333333333333 0.0315 0.05733333333333333
0 0.2465 0.6508333333333333 0.0415 0.17433333333333334
0 0.6965 0.4103333333333333 0.0575 0.014666666666666666
2 0.9555 0.4568333333333333 0.0885 0.01633333333333333
