0 0.7156250000000001 0.050333333333333334 0.19175 0.07466666666666666
0 0.7805 0.11616666666666667 0.10350000000000001 0.023
0 0.803125 0.4465 0.16025 0.03766666666666667
0 0.784125 0.3491666666666667 0.01175 0.08033333333333333
0 0.691625 0.7476666666666666 0.01125 0.3293333333333333
0 0.1775 0.44666666666666666 0.096 0.024
2 0.9475 0.6481666666666667 0.1045 0.018333333333333333
0 0.947125 0.43266666666666664 0.09075 0.06866666666666667
0 0.6665 0.5948333333333333 0.037 0.01633333333333333
0 0.68425 0.3695 0.0685 0.019
