0 0.8255 0.09466666666666666 0.1635 0.06
0 0.70925 0.382 0.0075 0.25
0 0.6890000000000001 0.7818333333333333 0.1765 0.063
0 0.735625 0.653 0.00725 0.08266666666666667
0 0.264375 0.16333333333333333 0.02275 0.18
0 0.332625 0.6645 0.13225 0.03233333333333333
0 0.235125 0.7979999999999999 0.035750000000000004 0.22466666666666665
0 0.25075000000000003 0.4116666666666666 0.0285 0.19333333333333333
0 0.19075 0.10233333333333333 0.07150000000000001 0.04466666666666667
0 0.794375 0.486 0.03125 0.11133333333333333
0 0.70575 0.24816666666666665 0.0725 0.018333333333333333
2 0.95975 0.29733333333333334 0.08 0.013333333333333332
0 0.96775 0.08633333333333333 0.064 0.05266666666666667
