0 0.676125 0.7041666666666666 0.17225000000000001 0.04833333333333333
0 0.7076250000000001 0.3328333333333333 0.03075 0.3343333333333333
0 0.83425 0.022666666666666665 0.154 0.030666666666666665
0 0.79925 0.14716666666666667 0.0105 0.033666666666666664
0 0.795125 0.42833333333333334 0.01375 0.04666666666666666
0 0.217 0.028166666666666666 0.10250000000000001 0.027
0 0.34750000000000003 0.5808333333333333 0.135 0.03833333333333333
0 0.234 0.7493333333333333 0.0395 0.26866666666666666
0 0.268625 0.15666666666666665 0.02725 0.16666666666666666
2 0.958375 0.22316666666666665 0.08275 0.018333333333333333
0 0.9540000000000001 0.022666666666666665 0.0685 0.04533333333333333
0 0.8618750000000001 0.25066666666666665 0.04025 0.012
