0 0.26575 0.15716666666666665 0.0175 0.22699999999999998
0 0.32075 0.1455 0.07200000000000001 0.028999999999999998
0 0.34475 0.24066666666666667 0.088 0.026666666666666665
0 0.63675 0.04716666666666666 0.216 0.034999999999999996
0 0.6667500000000001 0.147 0.035 0.16866666666666666
0 0.697875 0.2808333333333333 0.02425 0.2763333333333333
0 0.6697500000000001 0.4673333333333333 0.055 0.13333333333333333
0 0.6218750000000001 0.6523333333333333 0.02775 0.16599999999999998
0 0.6775 0.7581666666666667 0.013000000000000001 0.25366666666666665
0 0.7661250000000001 0.6026666666666667 0.10075 0.06266666666666666
0 0.764625 0.9175 0.08075 0.03166666666666666
0 0.7565000000000001 0.8418333333333333 0.093 0.036333333333333336
0 0.470125 0.409 0.03275 0.15533333333333332
0 0.29075 0.43466666666666665 0.0185 0.16466666666666666
0 0.583375 0.2055 0.10325000000000001 0.03233333333333333
0 0.58575 0.8843333333333333 0.059500000000000004 0.012666666666666666
0 0.638125 0.8868333333333333 0.04725 0.013666666666666666
