0 0.641625 0.08716666666666667 0.02225 0.17433333333333334
0 0.692125 0.11433333333333333 0.01675 0.212
0 0.7751250000000001 0.08433333333333333 0.08175 0.018
0 0.63075 0.25033333333333335 0.09 0.021333333333333333
0 0.778375 0.20033333333333334 0.08925 0.024
0 0.785125 0.2788333333333333 0.09725 0.03233333333333333
0 0.76925 0.4083333333333333 0.05 0.13333333333333333
0 0.79725 0.6113333333333333 0.1395 0.048
0 0.684125 0.8763333333333333 0.02025 0.24666666666666665
0 0.284375 0.4433333333333333 0.01875 0.20666666666666667
0 0.94475 0.8211666666666666 0.1055 0.024333333333333332
0 0.95025 0.6023333333333333 0.0665 0.058666666666666666
