0 0.708 0.19933333333333333 0.021500000000000002 0.3153333333333333
0 0.8 0.06466666666666666 0.0285 0.09733333333333333
0 0.685125 0.6204999999999999 0.20925 0.045
0 0.7036250000000001 0.42266666666666663 0.02125 0.09733333333333333
0 0.34225 0.4965 0.123 0.025666666666666667
0 0.215375 0.529 0.12425 0.024
0 0.238375 0.6506666666666666 0.02075 0.216
0 0.253 0.8694999999999999 0.016 0.21366666666666667
0 0.265 0.08366666666666667 0.0285 0.154
0 0.697875 0.9318333333333333 0.035750000000000004 0.13033333333333333
0 0.8618750000000001 0.16183333333333333 0.03625 0.04566666666666667
2 0.9590000000000001 0.13416666666666666 0.0815 0.01633333333333333
