0 0.164875 0.20466666666666666 0.02125 0.356
0 0.47400000000000003 0.07416666666666666 0.0205 0.135
0 0.669375 0.0775 0.025750000000000002 0.14566666666666667
0 0.629125 0.26366666666666666 0.02925 0.19599999999999998
0 0.6875 0.36466666666666664 0.0175 0.254
0 0.78225 0.20083333333333334 0.11 0.049666666666666665
0 0.763 0.34149999999999997 0.0825 0.014333333333333333
0 0.760375 0.46166666666666667 0.11075 0.04533333333333333
0 0.775 0.5401666666666667 0.0925 0.027
0 0.597 0.49916666666666665 0.0615 0.012333333333333333
0 0.7615000000000001 0.7313333333333333 0.043000000000000003 0.16933333333333334
0 0.808875 0.8746666666666666 0.14375000000000002 0.03933333333333333
0 0.92725 0.858 0.09 0.06666666666666667
0 0.650875 0.5003333333333333 0.04725 0.015333333333333332
