0 0.20275 0.4353333333333333 0.017 0.8706666666666666
0 0.14025 0.8843333333333333 0.0815 0.024
0 0.295875 0.8813333333333333 0.16925 0.035333333333333335
0 0.6783750000000001 0.6281666666666667 0.13675 0.031
0 0.3675 0.36583333333333334 0.019 0.32366666666666666
0 0.372875 0.7095 0.02875 0.2843333333333333
0 0.288625 0.238 0.02725 0.12933333333333333
0 0.254 0.9501666666666666 0.025 0.09899999999999999
0 0.333125 0.9258333333333333 0.01175 0.063
0 0.196375 0.9376666666666666 0.02325 0.124
