0 0.30575 0.029333333333333333 0.2915 0.04
0 0.264 0.27516666666666667 0.0335 0.43033333333333335
0 0.36475 0.1495 0.108 0.15766666666666665
0 0.371875 0.6756666666666666 0.14375000000000002 0.13999999999999999
0 0.39337500000000003 0.8741666666666666 0.06175 0.251
0 0.25325000000000003 0.5811666666666666 0.014 0.11833333333333333
0 0.256875 0.9411666666666666 0.02925 0.11699999999999999
0 0.310625 0.5583333333333333 0.02125 0.08466666666666667
0 0.382125 0.5523333333333333 0.02425 0.09133333333333334
0 0.31425000000000003 0.3785 0.04 0.19699999999999998
0 0.429875 0.14883333333333332 0.01925 0.13766666666666666
0 0.44425000000000003 0.29466666666666663 0.017 0.13266666666666665
