0 0.193375 0.026666666666666665 0.01925 0.05333333333333333
0 0.24975 0.285 0.028 0.48666666666666664
0 0.280875 0.5901666666666666 0.27975 0.11833333333333333
0 0.278625 0.7183333333333333 0.02725 0.09799999999999999
0 0.264375 0.817 0.035750000000000004 0.09533333333333333
0 0.248125 0.9349999999999999 0.02125 0.12933333333333333
0 0.35325 0.7165 0.0335 0.119
0 0.3315 0.9456666666666667 0.117 0.06466666666666666
0 0.44725000000000004 0.11483333333333333 0.031 0.20966666666666667
0 0.604375 0.12916666666666665 0.03125 0.255
0 0.31525000000000003 0.33666666666666667 0.073 0.062
0 0.69125 0.6829999999999999 0.157 0.041999999999999996
