0 0.19112500000000002 0.30233333333333334 0.03775 0.2713333333333333
0 0.244375 0.5478333333333333 0.04125 0.2523333333333333
0 0.22075 0.8036666666666666 0.023 0.22866666666666666
0 0.306625 0.731 0.08325 0.064
0 0.218375 0.9516666666666667 0.18925 0.096
0 0.41925 0.06183333333333333 0.0145 0.06899999999999999
0 0.39725 0.2865 0.09 0.20366666666666666
0 0.43112500000000004 0.5073333333333333 0.02925 0.22666666666666666
0 0.596125 0.32266666666666666 0.03225 0.6306666666666666
0 0.650375 0.378 0.06825 0.022666666666666665
