0 0.5515 0.6685 0.033 0.3963333333333333
0 0.5865 0.9283333333333333 0.03 0.14266666666666666
0 0.6765 0.6216666666666667 0.2245 0.04733333333333333
0 0.739375 0.7838333333333333 0.017750000000000002 0.18833333333333332
0 0.74725 0.42933333333333334 0.0285 0.30866666666666664
0 0.66825 0.1575 0.14300000000000002 0.041
0 0.761875 0.06133333333333333 0.04925 0.09999999999999999
0 0.5725 0.08733333333333333 0.043500000000000004 0.14666666666666667
0 0.5525 0.3885 0.0235 0.143
0 0.26975 0.633 0.091 0.028666666666666667
