0 0.468625 0.11033333333333332 0.03725 0.20733333333333331
0 0.46475 0.4048333333333333 0.019 0.109
0 0.470875 0.6371666666666667 0.03125 0.22233333333333333
0 0.597 0.05233333333333333 0.0465 0.10466666666666666
0 0.6565 0.7683333333333333 0.0455 0.46266666666666667
0 0.688625 0.4428333333333333 0.014750000000000001 0.15233333333333332
0 0.59 0.2698333333333333 0.0285 0.121
0 0.5896250000000001 0.742 0.08375 0.05466666666666666
0 0.5730000000000001 0.8375 0.06 0.059666666666666666
0 0.55375 0.9123333333333333 0.04 0.030666666666666665
0 0.592125 0.959 0.07825 0.034666666666666665
