0 0.454 0.047 0.835 0.066
0 0.366375 0.2225 0.02325 0.30233333333333334
0 0.52975 0.33616666666666667 0.035 0.24766666666666665
0 0.640125 0.20049999999999998 0.02775 0.20033333333333334
0 0.70225 0.416 0.023 0.162
0 0.5231250000000001 0.7254999999999999 0.01625 0.23966666666666667
0 0.58075 0.4731666666666666 0.047 0.175
0 0.667 0.8283333333333333 0.021 0.16
0 0.57875 0.9288333333333333 0.01 0.06966666666666667
0 0.338875 0.731 0.02375 0.25666666666666665
0 0.255125 0.49216666666666664 0.02725 0.32766666666666666
