0 0.253875 0.052 0.01725 0.09866666666666667
0 0.520625 0.3545 0.02525 0.251
0 0.581875 0.5496666666666666 0.01675 0.10333333333333333
0 0.45825 0.825 0.017 0.3213333333333333
0 0.588125 0.8019999999999999 0.02275 0.186
0 0.669875 0.46416666666666667 0.02375 0.159
0 0.67225 0.724 0.019 0.14333333333333334
0 0.565375 0.12383333333333332 0.02525 0.145
0 0.337875 0.33266666666666667 0.01975 0.22533333333333333
0 0.35962500000000003 0.16316666666666665 0.017750000000000002 0.10166666666666667
