0 0.2785 0.025166666666666667 0.2165 0.050333333333333334
0 0.606125 0.11699999999999999 0.02925 0.22266666666666665
0 0.707375 0.008 0.12625 0.016
0 0.555 0.31816666666666665 0.0275 0.2783333333333333
0 0.509375 0.5718333333333333 0.02425 0.27699999999999997
0 0.658375 0.5136666666666666 0.03075 0.19533333333333333
0 0.691375 0.6779999999999999 0.02125 0.14266666666666666
0 0.559 0.7483333333333333 0.028 0.10866666666666666
0 0.521875 0.9116666666666666 0.01225 0.176
0 0.376375 0.9398333333333333 0.26925 0.057666666666666665
1 0.10825 0.8426666666666667 0.078 0.10266666666666667
1 0.29975 0.7761666666666667 0.0665 0.12766666666666665
0 0.59 0.9671666666666666 0.125 0.03833333333333333
