0 0.462625 0.8175 0.83925 0.08499999999999999
0 0.372875 0.9255 0.01875 0.14833333333333332
0 0.6435 0.9259999999999999 0.017 0.14733333333333332
0 0.289625 0.5813333333333334 0.02325 0.194
0 0.46325 0.4716666666666667 0.0335 0.20866666666666667
0 0.523375 0.6698333333333333 0.03075 0.163
0 0.687625 0.637 0.04975 0.19533333333333333
0 0.575375 0.6331666666666667 0.05775 0.049666666666666665
0 0.69375 0.42966666666666664 0.024 0.20266666666666666
0 0.46825 0.089 0.0365 0.08666666666666667
