0 0.288875 0.31466666666666665 0.021750000000000002 0.19133333333333333
0 0.46375 0.189 0.0345 0.17466666666666666
0 0.5505 0.33849999999999997 0.0765 0.081
0 0.5265 0.4455 0.035500000000000004 0.08966666666666666
0 0.684 0.3398333333333333 0.048 0.20366666666666666
0 0.4655 0.539 0.8235 0.06866666666666667
0 0.6405 0.6941666666666666 0.025 0.179
0 0.5355 0.7783333333333333 0.037 0.29
0 0.70925 0.9286666666666666 0.0225 0.142
0 0.37725000000000003 0.705 0.021500000000000002 0.2633333333333333
