0 0.052125 0.0755 0.017750000000000002 0.151
0 0.352125 0.09816666666666667 0.02775 0.19633333333333333
0 0.34875 0.23083333333333333 0.46 0.13233333333333333
0 0.595625 0.1775 0.021750000000000002 0.23166666666666666
0 0.64575 0.3885 0.0995 0.18566666666666667
0 0.8515 0.4693333333333333 0.28550000000000003 0.051333333333333335
0 0.8815000000000001 0.7198333333333333 0.021500000000000002 0.36966666666666664
0 0.570375 0.8336666666666667 0.04075 0.2753333333333333
0 0.414375 0.47933333333333333 0.03125 0.096
0 0.41975 0.6683333333333333 0.048 0.17533333333333334
0 0.37825000000000003 0.44316666666666665 0.032 0.14166666666666666
