0 0.0605 0.24933333333333332 0.0365 0.4686666666666667
0 0.335125 0.5693333333333334 0.50425 0.13333333333333333
0 0.359375 0.24233333333333332 0.05725 0.45799999999999996
0 0.575375 0.14216666666666666 0.04775 0.26566666666666666
0 0.64075 0.24416666666666667 0.067 0.11499999999999999
0 0.603625 0.5223333333333333 0.03275 0.33799999999999997
0 0.669375 0.7556666666666666 0.07275 0.11333333333333333
0 0.8592500000000001 0.8273333333333333 0.281 0.05333333333333333
0 0.884375 0.9348333333333333 0.01925 0.12166666666666666
0 0.917875 0.29616666666666663 0.02725 0.261
0 0.945875 0.5459999999999999 0.035750000000000004 0.12266666666666666
0 0.938625 0.14266666666666666 0.02725 0.05333333333333333
0 0.423 0.9408333333333333 0.0185 0.107
0 0.41375 0.8186666666666667 0.0095 0.05466666666666666
0 0.388375 0.746 0.01025 0.06066666666666667
