0 0.4515 0.17333333333333334 0.5015000000000001 0.09333333333333332
0 0.593625 0.06866666666666667 0.01625 0.13733333333333334
0 0.783875 0.059666666666666666 0.01625 0.11599999999999999
0 0.7741250000000001 0.24366666666666667 0.02325 0.16066666666666665
0 0.398125 0.4923333333333333 0.03125 0.44866666666666666
0 0.39187500000000003 0.7675 0.36625 0.09166666666666666
0 0.607125 0.9011666666666667 0.07575 0.09433333333333332
0 0.765 0.9526666666666667 0.2185 0.042666666666666665
0 0.55 0.3815 0.024 0.255
0 0.59975 0.5626666666666666 0.057 0.10266666666666667
0 0.789875 0.6094999999999999 0.012750000000000001 0.11966666666666666
0 0.464 0.5506666666666666 0.0125 0.066
0 0.434625 0.413 0.06175 0.02333333333333333
0 0.1495 0.781 0.0935 0.12266666666666666
0 0.050875000000000004 0.9139999999999999 0.10175000000000001 0.17133333333333334
