0 0.62725 0.48983333333333334 0.0415 0.955
0 0.57775 0.4746666666666666 0.0635 0.030666666666666665
0 0.5740000000000001 0.7946666666666666 0.0245 0.11133333333333333
0 0.310125 0.11416666666666667 0.08275 0.07033333333333333
0 0.295125 0.9608333333333333 0.11425 0.03833333333333333
0 0.34400000000000003 0.8513333333333333 0.0405 0.17133333333333334
0 0.46900000000000003 0.08083333333333333 0.0405 0.034333333333333334
3 0.2885 0.29833333333333334 0.123 0.22266666666666665
3 0.30725 0.6698333333333333 0.0885 0.11699999999999999
0 0.5125 0.9694999999999999 0.269 0.015666666666666666
3 0.41125 0.4895 0.0845 0.9523333333333333
3 0.507 0.4775 0.0655 0.955
0 0.576375 0.21366666666666667 0.09475 0.032
0 0.667125 0.209 0.05275 0.022666666666666665
0 0.58075 0.8646666666666666 0.083 0.022
