3 0.41350000000000003 0.4998333333333333 0.062 0.9996666666666666
0 0.5755 0.077 0.2665 0.046
0 0.647625 0.3208333333333333 0.04225 0.421
0 0.6465 0.8321666666666666 0.0485 0.32366666666666666
0 0.47700000000000004 0.511 0.07100000000000001 0.02333333333333333
3 0.570125 0.9626666666666667 0.06725 0.074
0 0.562375 0.18316666666666667 0.02325 0.04766666666666666
0 0.476375 0.4061666666666667 0.05525 0.021666666666666667
3 0.508875 0.029666666666666664 0.04775 0.056666666666666664
3 0.51425 0.5501666666666667 0.05 0.899
3 0.353125 0.49866666666666665 0.058750000000000004 0.9973333333333333
3 0.27275 0.4973333333333333 0.0575 0.9946666666666666
0 0.69675 0.9824999999999999 0.05 0.01633333333333333
0 0.47525 0.858 0.025 0.012666666666666666
