0 0.5005000000000001 0.389 0.127 0.02733333333333333
0 0.507125 0.6118333333333333 0.12775 0.027
0 0.22187500000000002 0.5895 0.12175 0.019
0 0.063125 0.8315 0.12625 0.050333333333333334
0 0.5215 0.19599999999999998 0.1555 0.024666666666666667
3 0.21075 0.36933333333333335 0.0585 0.09333333333333332
3 0.20800000000000002 0.6551666666666667 0.05 0.07433333333333333
1 0.24975 0.27566666666666667 0.038 0.04666666666666666
3 0.200625 0.7838333333333333 0.13075 0.09033333333333333
3 0.049625 0.7821666666666667 0.03125 0.08633333333333333
0 0.169875 0.9551666666666666 0.05725 0.019666666666666666
0 0.208875 0.9803333333333333 0.04825 0.019333333333333334
