0 0.162375 0.24283333333333332 0.12675 0.04433333333333333
0 0.466625 0.34249999999999997 0.28875 0.08499999999999999
0 0.9325 0.24683333333333332 0.1305 0.034999999999999996
0 0.843375 0.7879999999999999 0.18225 0.050666666666666665
0 0.196125 0.9175 0.24375 0.05633333333333333
0 0.369625 0.853 0.21375 0.033999999999999996
3 0.603 0.7493333333333333 0.1815 0.14266666666666666
0 0.5725 0.527 0.1135 0.09266666666666666
0 0.835125 0.217 0.01925 0.10466666666666666
0 0.6022500000000001 0.1875 0.025500000000000002 0.20033333333333334
