0 0.855125 0.521 0.16325 0.042666666666666665
0 0.5505 0.0485 0.115 0.061
0 0.167875 0.6538333333333333 0.21125 0.051
0 0.390625 0.5813333333333334 0.14675 0.03
3 0.604625 0.48133333333333334 0.18775 0.10666666666666666
0 0.55475 0.2533333333333333 0.1245 0.05733333333333333
0 0.602125 0.6341666666666667 0.025750000000000002 0.10099999999999999
0 0.537375 0.586 0.02025 0.08866666666666666
0 0.609 0.9483333333333333 0.0395 0.10266666666666667
0 0.597875 0.8195 0.02425 0.13233333333333333
0 0.678625 0.32366666666666666 0.051250000000000004 0.08399999999999999
0 0.544 0.177 0.0965 0.06266666666666666
0 0.686125 0.6788333333333333 0.08725000000000001 0.026333333333333334
