0 0.07475 0.21516666666666667 0.1065 0.043666666666666666
0 0.3095 0.25116666666666665 0.1675 0.043666666666666666
0 0.88575 0.3158333333333333 0.14350000000000002 0.07433333333333333
0 0.609125 0.43266666666666664 0.39525 0.07733333333333334
0 0.29075 0.479 0.153 0.04733333333333333
0 0.36562500000000003 0.4415 0.11175 0.042333333333333334
0 0.218375 0.3455 0.03075 0.177
0 0.210625 0.7334999999999999 0.02775 0.5323333333333333
0 0.272 0.8878333333333333 0.085 0.027
0 0.507625 0.7751666666666667 0.03225 0.32966666666666666
0 0.550625 0.8765 0.04025 0.14166666666666666
0 0.763625 0.11 0.02125 0.11333333333333333
0 0.664 0.06733333333333333 0.0265 0.08
