0 0.235625 0.314 0.40475 0.102
0 0.212875 0.19999999999999998 0.04275 0.16
0 0.38625 0.11266666666666666 0.035 0.20866666666666667
0 0.7055 0.17833333333333332 0.2135 0.07333333333333333
0 0.345125 0.7258333333333333 0.45875 0.06166666666666666
0 0.3845 0.9336666666666666 0.1 0.06
0 0.30175 0.9186666666666666 0.1105 0.14533333333333334
0 0.5211250000000001 0.127 0.05375 0.176
0 0.5075000000000001 0.6346666666666666 0.045 0.704
0 0.6793750000000001 0.8388333333333333 0.24725 0.097
0 0.894375 0.9089999999999999 0.12125 0.04466666666666667
0 0.9065 0.19749999999999998 0.1555 0.04833333333333333
0 0.929875 0.5125 0.11425 0.05233333333333333
0 0.619625 0.43033333333333335 0.02925 0.18866666666666665
0 0.39975 0.477 0.085 0.028666666666666667
0 0.357875 0.619 0.05425 0.13133333333333333
0 0.044375 0.5298333333333333 0.07575 0.03166666666666666
