0 0.209 0.057999999999999996 0.1805 0.04
0 0.26887500000000003 0.2865 0.31675000000000003 0.058333333333333334
0 0.37325 0.14633333333333332 0.033 0.24066666666666667
0 0.381875 0.6566666666666666 0.04925 0.6333333333333333
0 0.6335000000000001 0.29466666666666663 0.321 0.03133333333333333
0 0.51625 0.1415 0.0395 0.26966666666666667
0 0.524375 0.5098333333333334 0.035750000000000004 0.27499999999999997
0 0.6105 0.6739999999999999 0.2625 0.05733333333333333
0 0.30062500000000003 0.6825 0.11125 0.033
0 0.18475 0.7083333333333333 0.0995 0.049999999999999996
0 0.29575 0.8286666666666667 0.0405 0.162
0 0.513625 0.8516666666666667 0.03275 0.20866666666666667
0 0.61 0.7969999999999999 0.04 0.12733333333333333
0 0.04675 0.35833333333333334 0.0935 0.024666666666666667
0 0.052875 0.5246666666666666 0.09725 0.022666666666666665
0 0.056375 0.7816666666666666 0.10475 0.03666666666666667
0 0.56075 0.8616666666666667 0.0185 0.13333333333333333
0 0.72 0.19699999999999998 0.1615 0.042666666666666665
