0 0.28475 0.16033333333333333 0.028 0.2733333333333333
0 0.341125 0.20066666666666666 0.02625 0.36
0 0.30262500000000003 0.4048333333333333 0.40075 0.049666666666666665
0 0.16975 0.5895 0.0165 0.06233333333333333
0 0.226125 0.6541666666666667 0.25625 0.056999999999999995
0 0.28150000000000003 0.5745 0.035500000000000004 0.121
3 0.594625 0.7031666666666666 0.42625 0.058333333333333334
0 0.1965 0.19266666666666665 0.04 0.3
0 0.06975 0.6679999999999999 0.0335 0.5439999999999999
0 0.199375 0.8041666666666666 0.025750000000000002 0.21633333333333332
0 0.1515 0.8236666666666667 0.047 0.19066666666666665
0 0.875 0.775 0.16 0.03
0 0.62325 0.387 0.0235 0.20266666666666666
0 0.619375 0.19283333333333333 0.04725 0.159
0 0.0535 0.373 0.0855 0.032
0 0.17675 0.48666666666666664 0.012 0.12133333333333333
