0 0.29325 0.1265 0.025 0.20566666666666666
0 0.407625 0.1065 0.03775 0.19633333333333333
0 0.50475 0.10116666666666667 0.035 0.18566666666666667
0 0.2605 0.29816666666666664 0.355 0.089
0 0.7518750000000001 0.5459999999999999 0.12625 0.03333333333333333
0 0.8885000000000001 0.6346666666666666 0.159 0.035333333333333335
0 0.35725 0.44416666666666665 0.021500000000000002 0.205
0 0.4165 0.44266666666666665 0.0345 0.12
0 0.408625 0.757 0.04425 0.42666666666666664
0 0.365375 0.8983333333333333 0.03225 0.182
0 0.29075 0.497 0.033 0.29333333333333333
0 0.24975 0.6793333333333333 0.2695 0.050666666666666665
0 0.142875 0.8508333333333333 0.035750000000000004 0.21433333333333332
0 0.23975000000000002 0.9768333333333333 0.122 0.04566666666666667
0 0.51275 0.24366666666666667 0.106 0.038
0 0.920125 0.27949999999999997 0.01725 0.479
0 0.5615 0.5161666666666667 0.051500000000000004 0.061
0 0.236375 0.8716666666666666 0.02875 0.20933333333333332
0 0.288125 0.7508333333333334 0.01875 0.11499999999999999
0 0.314875 0.885 0.03925 0.20933333333333332
