0 0.272125 0.763 0.31375000000000003 0.064
0 0.644 0.7771666666666667 0.3065 0.041
0 0.7135 0.6753333333333333 0.1695 0.05466666666666666
0 0.20700000000000002 0.5348333333333333 0.1825 0.036333333333333336
0 0.38225000000000003 0.4715 0.11900000000000001 0.035666666666666666
0 0.382875 0.6285 0.02675 0.22766666666666666
0 0.37475 0.2525 0.032 0.353
0 0.375 0.8936666666666666 0.031 0.212
0 0.5191250000000001 0.8953333333333333 0.02525 0.20866666666666667
0 0.525875 0.6098333333333333 0.03275 0.2583333333333333
0 0.184 0.3798333333333333 0.0695 0.04566666666666667
0 0.159 0.448 0.0205 0.056
0 0.051125000000000004 0.8343333333333333 0.09375 0.02733333333333333
0 0.89525 0.15083333333333332 0.2085 0.2723333333333333
