0 0.039375 0.1955 0.02725 0.30366666666666664
0 0.080125 0.10083333333333333 0.025750000000000002 0.18833333333333332
0 0.03725 0.6101666666666666 0.019 0.331
0 0.2775 0.16316666666666665 0.0265 0.30766666666666664
0 0.28325 0.5861666666666666 0.042 0.4983333333333333
0 0.426875 0.3168333333333333 0.23375 0.047
0 0.341 0.7701666666666667 0.1135 0.03833333333333333
0 0.48 0.7926666666666666 0.094 0.026
0 0.280375 0.9365 0.03225 0.11699999999999999
0 0.31925000000000003 0.8968333333333333 0.027 0.20566666666666666
0 0.759 0.5395 0.0965 0.039
0 0.74725 0.7348333333333333 0.106 0.026333333333333334
0 0.7545000000000001 0.2773333333333333 0.11950000000000001 0.026666666666666665
0 0.753625 0.14033333333333334 0.14875 0.03733333333333333
0 0.32175 0.5499999999999999 0.026000000000000002 0.422
