0 0.2465 0.057999999999999996 0.023 0.11066666666666666
0 0.284375 0.1275 0.09875 0.023
0 0.43075 0.23366666666666666 0.117 0.03133333333333333
0 0.721125 0.30033333333333334 0.12625 0.029333333333333333
0 0.256875 0.49416666666666664 0.02925 0.36366666666666664
0 0.291875 0.6831666666666666 0.11775000000000001 0.027666666666666666
0 0.249625 0.8458333333333333 0.03625 0.29633333333333334
0 0.470125 0.6621666666666667 0.07425 0.029666666666666664
0 0.019 0.20983333333333332 0.032 0.22166666666666665
0 0.01425 0.6153333333333333 0.014 0.13599999999999998
0 0.294375 0.8241666666666666 0.03025 0.24966666666666665
0 0.061 0.2733333333333333 0.0335 0.5439999999999999
0 0.296375 0.4086666666666667 0.02375 0.5366666666666666
0 0.714125 0.6453333333333333 0.13075 0.022666666666666665
0 0.722375 0.5116666666666666 0.13775 0.022
0 0.71175 0.9058333333333333 0.0985 0.030333333333333334
