0 0.299375 0.19866666666666666 0.02275 0.36933333333333335
0 0.5265 0.3938333333333333 0.0535 0.027666666666666666
0 0.058750000000000004 0.52 0.021500000000000002 0.5033333333333333
0 0.291125 0.8918333333333333 0.02075 0.20766666666666667
0 0.063 0.08299999999999999 0.012 0.16599999999999998
0 0.03175 0.13816666666666666 0.0535 0.01633333333333333
0 0.02775 0.5786666666666667 0.043000000000000003 0.022
0 0.020125 0.43016666666666664 0.03475 0.01633333333333333
0 0.025375 0.7101666666666666 0.05075 0.011666666666666665
0 0.2975 0.6973333333333334 0.0185 0.132
