0 0.21475 0.356 0.0235 0.316
0 0.255375 0.5293333333333333 0.09775 0.030666666666666665
0 0.3825 0.6361666666666667 0.1365 0.03233333333333333
0 0.264125 0.7795 0.02675 0.439
0 0.228625 0.8528333333333333 0.035750000000000004 0.29233333333333333
0 0.6815 0.7098333333333333 0.1255 0.027
0 0.681 0.9116666666666666 0.1445 0.022
0 0.672625 0.0885 0.12775 0.03233333333333333
3 0.0325 0.49816666666666665 0.0505 0.9963333333333333
0 0.263625 0.3565 0.025750000000000002 0.29233333333333333
0 0.372125 0.20183333333333334 0.21275 0.028333333333333332
