0 0.251875 0.14166666666666666 0.02375 0.2533333333333333
0 0.322125 0.037 0.09575 0.028666666666666667
0 0.274375 0.36733333333333335 0.02725 0.29333333333333333
0 0.27275 0.5488333333333333 0.074 0.031
0 0.260125 0.7026666666666667 0.03725 0.282
0 0.31125 0.9546666666666667 0.131 0.029333333333333333
0 0.528125 0.9644999999999999 0.12925 0.027
0 0.8230000000000001 0.82 0.1585 0.019333333333333334
0 0.8290000000000001 0.5075 0.0925 0.025666666666666667
0 0.85075 0.27566666666666667 0.07 0.03333333333333333
0 0.508375 0.588 0.10925 0.035333333333333335
