0 0.164125 0.11599999999999999 0.021750000000000002 0.21866666666666665
0 0.23900000000000002 0.24316666666666667 0.2735 0.027666666666666666
0 0.155125 0.5175 0.01975 0.27699999999999997
0 0.138375 0.7168333333333333 0.10225000000000001 0.035666666666666666
0 0.14325000000000002 0.8258333333333333 0.029500000000000002 0.17633333333333331
0 0.114625 0.9261666666666666 0.08775000000000001 0.025666666666666667
0 0.269625 0.5821666666666666 0.10575 0.039
0 0.2625 0.8846666666666666 0.145 0.036
0 0.11737500000000001 0.5935 0.04725 0.013
0 0.183375 0.5715 0.04625 0.020999999999999998
0 0.133375 0.971 0.01225 0.05733333333333333
0 0.142125 0.6701666666666667 0.01175 0.07233333333333333
