2 0.069 0.25166666666666665 0.1205 0.02
0 0.106375 0.8075 0.02925 0.3843333333333333
2 0.2195 0.5579999999999999 0.4375 0.16333333333333333
0 0.304625 0.7908333333333333 0.02925 0.38766666666666666
0 0.51525 0.7715 0.037 0.283
0 0.5995 0.7783333333333333 0.032 0.37066666666666664
0 0.6125 0.19333333333333333 0.029 0.38266666666666665
0 0.726625 0.19216666666666665 0.01675 0.34299999999999997
0 0.834 0.077 0.0465 0.06866666666666667
0 0.7817500000000001 0.8606666666666667 0.016 0.21733333333333332
2 0.588375 0.42283333333333334 0.27025 0.097
2 0.8615 0.32616666666666666 0.257 0.081
