0 0.31725000000000003 0.3145 0.0685 0.6256666666666666
0 0.432125 0.20983333333333332 0.05575 0.41833333333333333
2 0.51825 0.7348333333333333 0.417 0.09033333333333333
0 0.548 0.14766666666666667 0.0475 0.2786666666666667
0 0.637625 0.11833333333333333 0.03775 0.218
0 0.484 0.637 0.022 0.158
0 0.53 0.5946666666666667 0.05 0.04666666666666666
0 0.499375 0.8208333333333333 0.02275 0.11233333333333333
2 0.146125 0.6156666666666667 0.28875 0.16666666666666666
0 0.15375 0.716 0.02 0.044
0 0.155 0.8039999999999999 0.021500000000000002 0.03333333333333333
0 0.1675 0.2665 0.0535 0.5276666666666666
0 0.03725 0.43216666666666664 0.047 0.20766666666666667
3 0.14400000000000002 0.7698333333333333 0.0335 0.027666666666666666
2 0.534125 0.41516666666666663 0.34375 0.17433333333333334
2 0.787875 0.2838333333333333 0.13825 0.08499999999999999
2 0.82425 0.6673333333333333 0.161 0.04466666666666667
