0 0.10475 0.08133333333333333 0.0135 0.13799999999999998
0 0.132125 0.20316666666666666 0.025750000000000002 0.38766666666666666
0 0.1265 0.7126666666666667 0.037 0.5553333333333333
0 0.07037500000000001 0.5011666666666666 0.03225 0.521
0 0.07112500000000001 0.8978333333333333 0.04225 0.20366666666666666
0 0.4215 0.187 0.025500000000000002 0.19933333333333333
0 0.57625 0.29583333333333334 0.23950000000000002 0.055
0 0.623625 0.13133333333333333 0.03275 0.26266666666666666
0 0.5503750000000001 0.6641666666666667 0.04225 0.6163333333333333
0 0.62475 0.6668333333333333 0.043500000000000004 0.6656666666666666
0 0.751125 0.7951666666666667 0.04225 0.36766666666666664
0 0.41975 0.6366666666666666 0.0335 0.2733333333333333
0 0.495 0.8145 0.0385 0.37033333333333335
0 0.416875 0.897 0.03775 0.17933333333333332
0 0.740375 0.17983333333333332 0.03225 0.32966666666666666
0 0.0415 0.06849999999999999 0.08 0.059
