0 0.027125 0.23133333333333334 0.04425 0.40199999999999997
0 0.08712500000000001 0.5073333333333333 0.04425 0.9846666666666666
0 0.0265 0.7598333333333334 0.047 0.423
0 0.37225 0.17466666666666666 0.023 0.33799999999999997
0 0.36762500000000004 0.6755 0.03075 0.6163333333333333
0 0.44475000000000003 0.19933333333333333 0.0235 0.3953333333333333
0 0.582875 0.12833333333333333 0.02725 0.22466666666666665
3 0.539625 0.308 0.16275 0.06866666666666667
0 0.68875 0.147 0.02 0.2773333333333333
0 0.50075 0.46216666666666667 0.047 0.22366666666666665
0 0.578375 0.5583333333333333 0.02925 0.222
3 0.499875 0.7846666666666666 0.04825 0.41866666666666663
0 0.625 0.8223333333333334 0.0325 0.35466666666666663
0 0.704 0.7931666666666667 0.0505 0.383
0 0.898625 0.32416666666666666 0.01575 0.21833333333333332
0 0.68975 0.3128333333333333 0.105 0.041
0 0.70375 0.4698333333333333 0.03 0.22366666666666665
0 0.519 0.15833333333333333 0.0405 0.23333333333333334
3 0.565625 0.7433333333333333 0.07875 0.12733333333333333
0 0.446375 0.8341666666666666 0.017750000000000002 0.11699999999999999
3 0.40025 0.3225 0.11800000000000001 0.028999999999999998
0 0.453 0.6985 0.0495 0.08366666666666667
