0 0.201875 0.106 0.03775 0.21066666666666667
3 0.209 0.6323333333333333 0.052000000000000005 0.7313333333333333
0 0.083875 0.6023333333333333 0.16125 0.043333333333333335
0 0.15125 0.2955 0.032 0.575
3 0.150375 0.8103333333333333 0.03125 0.37866666666666665
0 0.583125 0.4098333333333333 0.26475 0.029666666666666664
0 0.780375 0.4618333333333333 0.11375 0.06833333333333333
0 0.738625 0.17516666666666666 0.02425 0.12966666666666665
0 0.701875 0.24883333333333332 0.02625 0.25033333333333335
0 0.7055 0.8175 0.0235 0.357
3 0.615625 0.5385 0.05275 0.9223333333333333
0 0.523625 0.8206666666666667 0.01875 0.08
0 0.48812500000000003 0.07933333333333333 0.02275 0.09333333333333332
3 0.08225 0.29583333333333334 0.05 0.5916666666666667
0 0.822125 0.8571666666666666 0.03975 0.285
3 0.0985 0.8125 0.065 0.3743333333333333
0 0.014625 0.8228333333333333 0.02925 0.35366666666666663
