0 0.47265625 0.42638888888888893 0.078125 0.04166666666666667
0 0.46484375 0.5041666666666667 0.09531250000000001 0.03333333333333333
0 0.41953125 0.75 0.018750000000000003 0.49722222222222223
2 0.7449218750000001 0.26666666666666666 0.28828125 0.05555555555555556
0 0.696875 0.08333333333333334 0.010937500000000001 0.14444444444444446
2 0.244921875 0.31875000000000003 0.08671875000000001 0.020833333333333336
0 0.20468750000000002 0.4138888888888889 0.0171875 0.16944444444444445
2 0.25078125 0.5006944444444444 0.0890625 0.03194444444444445
0 0.48828125 0.1513888888888889 0.0125 0.13055555555555556
0 0.503515625 0.08819444444444445 0.02890625 0.018055555555555557
1 0.50703125 0.21944444444444444 0.028125 0.011111111111111112
