2 0.7488281250000001 0.75 0.27734375 0.05
0 0.7210937500000001 0.33472222222222225 0.037500000000000006 0.65
2 0.798828125 0.6625 0.12890625 0.02777777777777778
0 0.44609375 0.9111111111111111 0.146875 0.036111111111111115
0 0.48281250000000003 0.9812500000000001 0.0921875 0.034722222222222224
2 0.2703125 0.8090277777777778 0.07968750000000001 0.02361111111111111
0 0.22773437500000002 0.9048611111111111 0.01953125 0.16805555555555557
2 0.27265625 0.9812500000000001 0.09062500000000001 0.034722222222222224
0 0.3125 0.9041666666666667 0.015625 0.16944444444444445
2 0.517578125 0.5909722222222222 0.03671875 0.015277777777777779
2 0.51796875 0.7131944444444445 0.037500000000000006 0.020833333333333336
0 0.5015625 0.6458333333333334 0.009375000000000001 0.10277777777777779
