3 0.29140625000000003 0.6208333333333333 0.08125 0.17500000000000002
0 0.278515625 0.8875000000000001 0.02421875 0.11944444444444445
3 0.429296875 0.9590277777777778 0.07265625 0.07916666666666666
0 0.47304687500000003 0.2569444444444445 0.10078125 0.15555555555555556
3 0.640625 0.6395833333333334 0.13125 0.3375
3 0.634765625 0.9194444444444445 0.09140625000000001 0.15833333333333333
0 0.7703125000000001 0.670138888888889 0.037500000000000006 0.6569444444444444
3 0.8152343750000001 0.6555555555555556 0.09453125000000001 0.08611111111111111
3 0.6390625000000001 0.6666666666666667 0.13125 0.2916666666666667
3 0.9652343750000001 0.71875 0.06796875000000001 0.2152777777777778
2 0.8914062500000001 0.9680555555555556 0.1796875 0.061111111111111116
