3 0.705078125 0.6680555555555556 0.13046875 0.2777777777777778
3 0.38320312500000003 0.6104166666666667 0.07734375 0.20694444444444446
3 0.49453125000000003 0.9541666666666667 0.1203125 0.08888888888888889
3 0.696484375 0.9131944444444445 0.11953125 0.17083333333333334
3 0.703125 0.6819444444444445 0.12812500000000002 0.26666666666666666
3 0.8812500000000001 0.6576388888888889 0.07968750000000001 0.09027777777777778
0 0.55703125 0.2763888888888889 0.09531250000000001 0.1638888888888889
0 0.8324218750000001 0.6833333333333333 0.03515625 0.6305555555555555
0 0.36835937500000004 0.9152777777777779 0.017968750000000002 0.07777777777777778
0 0.9281250000000001 0.9590277777777778 0.1328125 0.051388888888888894
