0 0.456125 0.13583333333333333 0.021750000000000002 0.105
0 0.430375 0.03883333333333333 0.02125 0.07766666666666666
0 0.434875 0.07966666666666666 0.16325 0.03133333333333333
2 0.37 0.44166666666666665 0.041 0.011333333333333332
2 0.6098750000000001 0.1895 0.16525 0.019
0 0.500875 0.2816666666666667 0.021750000000000002 0.17933333333333332
0 0.484125 0.40299999999999997 0.06475 0.066
0 0.437 0.143 0.011 0.112
0 0.483625 0.14066666666666666 0.03625 0.10733333333333334
0 0.615 0.11583333333333333 0.018000000000000002 0.12833333333333333
0 0.6295000000000001 0.5265 0.0165 0.15833333333333333
0 0.413375 0.8473333333333333 0.02125 0.23133333333333334
0 0.847125 0.9149999999999999 0.03225 0.16933333333333334
1 0.4835 0.9761666666666666 0.068 0.028999999999999998
