2 0.4255 0.875 0.17550000000000002 0.018666666666666665
2 0.3855 0.09133333333333334 0.043000000000000003 0.011333333333333332
0 0.443125 0.4598333333333333 0.02675 0.249
0 0.41875 0.46149999999999997 0.016 0.237
0 0.436 0.7318333333333333 0.026000000000000002 0.27499999999999997
0 0.418625 0.9126666666666666 0.01175 0.07666666666666666
0 0.41625 0.9813333333333333 0.011 0.03666666666666667
0 0.61575 0.949 0.055 0.10133333333333333
2 0.776875 0.6809999999999999 0.14725 0.030666666666666665
2 0.9245 0.6501666666666667 0.149 0.031
0 0.869375 0.7815 0.03775 0.22833333333333333
0 0.8325 0.5636666666666666 0.0385 0.20866666666666667
0 0.75075 0.819 0.1005 0.17733333333333332
0 0.42612500000000003 0.0375 0.01375 0.07233333333333333
0 0.475375 0.0265 0.01875 0.051666666666666666
1 0.483625 0.5901666666666666 0.06075 0.028999999999999998
