0 0.468875 0.7166666666666667 0.01425 0.09933333333333333
0 0.563375 0.7591666666666667 0.07475 0.011
0 0.437 0.8574999999999999 0.0155 0.161
0 0.493375 0.9391666666666666 0.04525 0.053
0 0.445125 0.6101666666666666 0.02075 0.107
0 0.476625 0.6133333333333333 0.01175 0.09799999999999999
0 0.451625 0.719 0.01375 0.09933333333333333
0 0.49125 0.73 0.0145 0.06333333333333332
0 0.5985 0.7048333333333333 0.018000000000000002 0.10766666666666666
0 0.59575 0.6011666666666666 0.0085 0.09366666666666666
0 0.58125 0.11166666666666666 0.0155 0.11
2 0.5826250000000001 0.365 0.12275 0.009333333333333332
0 0.5305 0.352 0.016 0.026
2 0.6305000000000001 0.759 0.051000000000000004 0.011333333333333332
