0 0.579375 0.9681666666666666 0.03825 0.01633333333333333
0 0.47775 0.1555 0.016 0.15233333333333332
0 0.47250000000000003 0.29166666666666663 0.0085 0.11
0 0.468125 0.45699999999999996 0.01175 0.21333333333333332
0 0.47375 0.6214999999999999 0.0145 0.12833333333333333
0 0.480375 0.758 0.01925 0.152
0 0.48562500000000003 0.9181666666666667 0.01175 0.163
0 0.500875 0.9171666666666667 0.01325 0.165
0 0.49212500000000003 0.6265 0.014750000000000001 0.11833333333333333
0 0.46125 0.9199999999999999 0.018000000000000002 0.15933333333333333
0 0.6551250000000001 0.29733333333333334 0.03025 0.009333333333333332
0 0.57525 0.2533333333333333 0.008 0.06466666666666666
0 0.511875 0.1595 0.012750000000000001 0.13766666666666666
2 0.476625 0.6211666666666666 0.12925 0.010333333333333333
