2 0.47825 0.43166666666666664 0.1245 0.02
0 0.64475 0.5111666666666667 0.0735 0.027
0 0.525 0.2175 0.0245 0.075
0 0.480625 0.3516666666666666 0.017750000000000002 0.16599999999999998
0 0.477125 0.49316666666666664 0.01375 0.127
0 0.472125 0.5926666666666667 0.01325 0.088
0 0.471875 0.708 0.012750000000000001 0.14533333333333334
0 0.47425 0.8456666666666667 0.011 0.13133333333333333
0 0.4965 0.8483333333333333 0.009000000000000001 0.12266666666666666
2 0.476375 0.24383333333333332 0.12925 0.015666666666666666
