2 0.60825 0.7484999999999999 0.1315 0.015
2 0.629 0.16016666666666665 0.056 0.014333333333333333
2 0.46425 0.17266666666666666 0.11750000000000001 0.010666666666666666
0 0.45937500000000003 0.051666666666666666 0.12075 0.014
0 0.460625 0.026833333333333334 0.01175 0.04833333333333333
0 0.46525 0.11649999999999999 0.0145 0.11699999999999999
0 0.48575 0.11366666666666667 0.016 0.11866666666666666
0 0.469375 0.2545 0.01325 0.16033333333333333
0 0.45375 0.26866666666666666 0.0235 0.18133333333333332
0 0.5995 0.07366666666666666 0.014 0.07533333333333334
