0 0.495 0.1615 0.06 0.017666666666666667
0 0.43725 0.27149999999999996 0.059500000000000004 0.01633333333333333
0 0.49925 0.26416666666666666 0.057 0.016999999999999998
0 0.48275 0.2145 0.0155 0.10233333333333333
0 0.491375 0.3308333333333333 0.01425 0.123
0 0.455625 0.5048333333333334 0.02625 0.2063333333333333
0 0.475375 0.4978333333333333 0.01025 0.195
0 0.4915 0.497 0.015 0.188
0 0.5952500000000001 0.018 0.0105 0.03
0 0.609125 0.32216666666666666 0.01925 0.12633333333333333
0 0.5710000000000001 0.35133333333333333 0.0675 0.012666666666666666
0 0.5705 0.40349999999999997 0.0525 0.027666666666666666
0 0.58125 0.47683333333333333 0.0155 0.14633333333333332
0 0.564625 0.5193333333333333 0.04425 0.012666666666666666
0 0.604375 0.5646666666666667 0.12675 0.04666666666666666
0 0.615 0.601 0.1245 0.024
0 0.509625 0.5853333333333333 0.05625 0.022666666666666665
2 0.47800000000000004 0.6103333333333333 0.123 0.011333333333333332
0 0.475625 0.7056666666666667 0.02325 0.18933333333333333
0 0.508 0.713 0.018000000000000002 0.17733333333333332
2 0.480375 0.7981666666666667 0.12025 0.015666666666666666
2 0.61575 0.7885 0.122 0.013666666666666666
0 0.630375 0.895 0.02425 0.20933333333333332
3 0.579125 0.6531666666666667 0.07075000000000001 0.08166666666666667
0 0.6105 0.7394999999999999 0.025 0.09566666666666666
0 0.5775 0.7443333333333333 0.058 0.022666666666666665
0 0.642 0.7501666666666666 0.051000000000000004 0.01633333333333333
2 0.6022500000000001 0.3878333333333333 0.1255 0.017666666666666667
2 0.46950000000000003 0.39416666666666667 0.122 0.018333333333333333
2 0.4645 0.03383333333333333 0.116 0.018333333333333333
0 0.494 0.737 0.026000000000000002 0.012
0 0.459125 0.013833333333333333 0.00625 0.027666666666666666
