2 0.506 0.07083333333333333 0.1 0.01633333333333333
0 0.5145 0.0255 0.0925 0.017666666666666667
0 0.526875 0.04433333333333333 0.01225 0.03266666666666666
0 0.496 0.012833333333333334 0.008 0.025666666666666667
0 0.59475 0.042166666666666665 0.0105 0.08233333333333333
0 0.666 0.7384999999999999 0.032 0.125
0 0.68175 0.8059999999999999 0.0855 0.011333333333333332
0 0.905875 0.9458333333333333 0.06075 0.10766666666666666
0 0.5650000000000001 0.12683333333333333 0.0095 0.251
0 0.5690000000000001 0.35716666666666663 0.01 0.183
0 0.572875 0.5611666666666667 0.012750000000000001 0.21233333333333332
0 0.580875 0.8331666666666666 0.02225 0.33299999999999996
0 0.558 0.6926666666666667 0.0395 0.04533333333333333
0 0.642375 0.7041666666666666 0.021750000000000002 0.05233333333333333
