0 0.55475 0.5021666666666667 0.025500000000000002 0.995
0 0.502375 0.9673333333333333 0.01975 0.06466666666666666
2 0.483625 0.10383333333333333 0.12875 0.015
0 0.681125 0.9724999999999999 0.04525 0.05433333333333333
0 0.5750000000000001 0.09366666666666666 0.065 0.010666666666666666
3 0.574875 0.1895 0.05425 0.07233333333333333
0 0.635375 0.06583333333333333 0.07275 0.015666666666666666
0 0.646375 0.1935 0.06825 0.015666666666666666
0 0.58675 0.291 0.018000000000000002 0.13533333333333333
0 0.5660000000000001 0.31216666666666665 0.0245 0.01633333333333333
0 0.5735 0.13 0.014 0.06
