2 0.5367500000000001 0.06283333333333332 0.1265 0.023
2 0.628625 0.268 0.28875 0.033999999999999996
2 0.651625 0.49016666666666664 0.28625 0.026333333333333334
2 0.575625 0.7456666666666666 0.14875 0.022
2 0.7915 0.7221666666666666 0.051000000000000004 0.015
3 0.7030000000000001 0.7221666666666666 0.1145 0.127
0 0.6155 0.12866666666666665 0.0225 0.25066666666666665
0 0.628 0.87 0.0165 0.25666666666666665
0 0.6168750000000001 0.6171666666666666 0.021750000000000002 0.24166666666666667
0 0.7721250000000001 0.8614999999999999 0.04425 0.2763333333333333
0 0.71525 0.8681666666666666 0.0155 0.263
0 0.687875 0.815 0.06375 0.03333333333333333
0 0.743375 0.6048333333333333 0.02825 0.237
0 0.691625 0.6001666666666666 0.08625000000000001 0.15233333333333332
0 0.715 0.36966666666666664 0.032 0.22466666666666665
0 0.6940000000000001 0.15516666666666667 0.023 0.207
0 0.695625 0.025833333333333333 0.02275 0.051666666666666666
0 0.637375 0.024166666666666666 0.05325 0.025666666666666667
0 0.650375 0.07966666666666666 0.06775 0.024666666666666667
0 0.630125 0.37466666666666665 0.01875 0.22999999999999998
0 0.643625 0.5803333333333334 0.014750000000000001 0.16599999999999998
0 0.6627500000000001 0.9148333333333333 0.0235 0.16966666666666666
2 0.67625 0.04783333333333333 0.151 0.019666666666666666
0 0.716375 0.15233333333333332 0.02075 0.20133333333333334
