3 0.698875 0.059166666666666666 0.09725 0.11499999999999999
0 0.7096250000000001 0.20133333333333334 0.02125 0.19866666666666666
0 0.756125 0.19316666666666665 0.03775 0.215
0 0.753375 0.4121666666666666 0.02025 0.21766666666666665
0 0.765 0.642 0.021500000000000002 0.23466666666666666
0 0.7695 0.8791666666666667 0.0135 0.241
0 0.70525 0.33266666666666667 0.0745 0.020666666666666667
0 0.6863750000000001 0.15233333333333332 0.05425 0.021333333333333333
0 0.629875 0.0485 0.012750000000000001 0.097
0 0.633875 0.20483333333333334 0.01625 0.213
0 0.640625 0.424 0.029750000000000002 0.20733333333333331
2 0.5875 0.1025 0.127 0.02033333333333333
2 0.673125 0.30766666666666664 0.28775 0.024
2 0.6815 0.5316666666666666 0.2935 0.022666666666666665
2 0.701125 0.7706666666666666 0.27675 0.033999999999999996
0 0.660625 0.20149999999999998 0.01175 0.20833333333333331
0 0.7126250000000001 0.9926666666666666 0.03125 0.014
2 0.779375 0.08766666666666667 0.05525 0.011333333333333332
0 0.672625 0.42183333333333334 0.01425 0.22566666666666665
0 0.67875 0.6545 0.015 0.241
0 0.6920000000000001 0.887 0.016 0.22533333333333333
