2 0.517625 0.29666666666666663 0.05725 0.013333333333333332
2 0.692125 0.2781666666666667 0.15725 0.030333333333333334
2 0.626625 0.07216666666666667 0.25525000000000003 0.028333333333333332
2 0.644 0.5205 0.308 0.03833333333333333
2 0.659 0.7823333333333333 0.327 0.04
0 0.54925 0.042333333333333334 0.1005 0.035333333333333335
0 0.576375 0.0545 0.01225 0.10366666666666666
0 0.625375 0.036 0.01225 0.06933333333333333
0 0.676625 0.029333333333333333 0.012750000000000001 0.058666666666666666
0 0.69775 0.16866666666666666 0.026000000000000002 0.20133333333333334
0 0.723 0.39066666666666666 0.0395 0.23666666666666666
0 0.745625 0.641 0.02075 0.2593333333333333
0 0.750625 0.8876666666666666 0.025750000000000002 0.224
0 0.69825 0.8079999999999999 0.0835 0.02733333333333333
0 0.699625 0.6985 0.09675 0.027
0 0.778875 0.6845 0.06375 0.01633333333333333
0 0.56475 0.5561666666666667 0.1495 0.019
0 0.67975 0.7404999999999999 0.0585 0.023
0 0.663125 0.30266666666666664 0.08025 0.04
0 0.6481250000000001 0.1758333333333333 0.03775 0.20433333333333334
0 0.659125 0.22416666666666665 0.08175 0.027666666666666666
0 0.735625 0.20266666666666666 0.06275 0.02
0 0.632 0.411 0.0245 0.224
0 0.64475 0.6176666666666667 0.016 0.17933333333333332
0 0.6617500000000001 0.8993333333333333 0.021500000000000002 0.20066666666666666
0 0.609375 0.15566666666666665 0.01525 0.15333333333333332
0 0.6025 0.0375 0.007 0.07366666666666666
0 0.71475 0.7374999999999999 0.0165 0.06966666666666667
0 0.600875 0.42633333333333334 0.01325 0.20066666666666666
