2 0.5695 0.19666666666666666 0.2695 0.020666666666666667
2 0.505625 0.41183333333333333 0.13675 0.018333333333333333
2 0.7020000000000001 0.3948333333333333 0.042 0.008333333333333333
2 0.472625 0.6576666666666666 0.07075000000000001 0.019333333333333334
2 0.6655 0.6363333333333333 0.149 0.02333333333333333
2 0.521625 0.9061666666666667 0.15475 0.025666666666666667
2 0.6785 0.8838333333333332 0.16 0.024999999999999998
0 0.555625 0.09166666666666666 0.01425 0.18333333333333332
0 0.6345000000000001 0.09283333333333334 0.025 0.18433333333333332
0 0.6511250000000001 0.2743333333333333 0.02225 0.16866666666666666
0 0.679 0.5143333333333333 0.041 0.23466666666666666
0 0.678 0.7561666666666667 0.027 0.249
0 0.69375 0.9416666666666667 0.0085 0.11599999999999999
0 0.629875 0.66 0.07875 0.044
0 0.629125 0.5215 0.02075 0.22366666666666665
3 0.61875 0.38516666666666666 0.101 0.09433333333333332
3 0.539375 0.6498333333333333 0.05525 0.04033333333333333
0 0.541 0.30483333333333335 0.017 0.20566666666666666
0 0.551625 0.5313333333333333 0.01925 0.23199999999999998
0 0.565375 0.775 0.02075 0.214
0 0.60875 0.2793333333333333 0.075 0.12466666666666666
0 0.56875 0.29716666666666663 0.016 0.215
0 0.579 0.5315 0.0185 0.22566666666666665
0 0.59375 0.7718333333333333 0.018000000000000002 0.247
0 0.605625 0.9521666666666666 0.01025 0.095
0 0.605875 0.4761666666666666 0.05325 0.019
