0 0.622625 0.10066666666666667 0.25525000000000003 0.033999999999999996
2 0.645 0.26266666666666666 0.23450000000000001 0.018666666666666665
2 0.63575 0.4671666666666667 0.264 0.025666666666666667
2 0.646875 0.6953333333333334 0.27975 0.012
2 0.652875 0.9346666666666666 0.29575 0.012666666666666666
0 0.671125 0.05983333333333333 0.11225 0.026333333333333334
0 0.6813750000000001 0.10149999999999999 0.12975 0.028999999999999998
0 0.679625 0.17633333333333331 0.11425 0.021333333333333333
0 0.64425 0.43033333333333335 0.0275 0.06666666666666667
0 0.6155 0.44016666666666665 0.025500000000000002 0.03966666666666666
0 0.621625 0.5121666666666667 0.02075 0.07033333333333333
0 0.57825 0.742 0.117 0.024666666666666667
3 0.63 0.8434999999999999 0.0415 0.059
3 0.608625 0.938 0.059750000000000004 0.12333333333333332
0 0.689875 0.9621666666666666 0.07475 0.02033333333333333
0 0.729625 0.8118333333333333 0.017750000000000002 0.22699999999999998
0 0.613625 0.0445 0.00675 0.08166666666666667
0 0.618625 0.17833333333333332 0.010750000000000001 0.16599999999999998
0 0.626375 0.36516666666666664 0.01025 0.19633333333333333
0 0.634375 0.5856666666666667 0.01125 0.22333333333333333
0 0.642375 0.8155 0.01525 0.225
0 0.649 0.9403333333333334 0.0115 0.11866666666666666
0 0.7295 0.966 0.0175 0.06733333333333333
