0 0.71725 0.6679999999999999 0.042 0.22466666666666665
0 0.6873750000000001 0.7211666666666666 0.12975 0.027
0 0.751125 0.7293333333333333 0.029750000000000002 0.07933333333333333
0 0.530375 0.5006666666666667 0.01175 0.07466666666666666
2 0.68525 0.5509999999999999 0.14150000000000001 0.012
2 0.533125 0.5463333333333333 0.10525 0.014666666666666666
1 0.59175 0.5523333333333333 0.025 0.03666666666666667
0 0.5485 0.8831666666666667 0.017 0.13233333333333333
0 0.604625 0.27 0.01425 0.146
0 0.612 0.4478333333333333 0.011 0.2063333333333333
0 0.6205 0.6885 0.0175 0.2583333333333333
0 0.629125 0.9213333333333333 0.01125 0.15666666666666665
0 0.55675 0.5068333333333334 0.056 0.015666666666666666
0 0.733375 0.8955 0.021750000000000002 0.20833333333333331
0 0.7105 0.23133333333333334 0.059000000000000004 0.012
2 0.5405 0.14516666666666667 0.115 0.016999999999999998
