2 0.630125 0.0225 0.27375 0.025666666666666667
2 0.5655 0.22416666666666665 0.121 0.027666666666666666
2 0.69125 0.42716666666666664 0.1985 0.028999999999999998
2 0.54025 0.4425 0.06 0.015666666666666666
2 0.6555 0.6328333333333334 0.2915 0.015
2 0.662875 0.8708333333333333 0.28925 0.025666666666666667
0 0.629375 0.104 0.01375 0.20266666666666666
0 0.705125 0.20416666666666666 0.021750000000000002 0.4056666666666667
0 0.714375 0.3993333333333333 0.14675 0.022
0 0.71625 0.446 0.1485 0.03133333333333333
0 0.716875 0.5346666666666666 0.13575 0.022666666666666665
0 0.64675 0.9279999999999999 0.025 0.08866666666666666
0 0.671625 0.8285 0.03025 0.07433333333333333
0 0.635 0.8423333333333333 0.0345 0.05533333333333333
0 0.634375 0.3168333333333333 0.01425 0.195
0 0.645625 0.539 0.01325 0.20066666666666666
0 0.6505 0.7538333333333334 0.016 0.225
0 0.6605 0.9375 0.008 0.12433333333333332
2 0.702125 0.2115 0.13925 0.01633333333333333
