2 0.624625 0.025166666666666667 0.22975 0.02033333333333333
2 0.62225 0.2085 0.2505 0.03166666666666666
0 0.693625 0.41183333333333333 0.15125 0.023666666666666666
0 0.558875 0.4623333333333333 0.12525 0.028666666666666667
0 0.7020000000000001 0.5231666666666667 0.0155 0.21033333333333332
2 0.55725 0.6366666666666666 0.1315 0.012666666666666666
0 0.71625 0.747 0.039 0.22466666666666665
2 0.6431250000000001 0.866 0.30125 0.024666666666666667
0 0.69975 0.9329999999999999 0.0125 0.13333333333333333
2 0.6915 0.41716666666666663 0.133 0.01633333333333333
0 0.666 0.6608333333333333 0.067 0.020999999999999998
0 0.5503750000000001 0.875 0.021750000000000002 0.24933333333333332
0 0.577 0.818 0.0645 0.022
3 0.5945 0.6945 0.053 0.10433333333333333
0 0.60825 0.8023333333333333 0.0305 0.11866666666666666
0 0.611125 0.11516666666666667 0.012750000000000001 0.18566666666666667
0 0.6168750000000001 0.3165 0.01325 0.20433333333333334
0 0.625875 0.53 0.01125 0.20866666666666667
0 0.63275 0.755 0.0175 0.22266666666666665
0 0.638875 0.9378333333333333 0.01175 0.12366666666666666
0 0.7405 0.9351666666666666 0.0235 0.129
0 0.71525 0.8885 0.0305 0.018333333333333333
0 0.604875 0.25766666666666665 0.02325 0.06466666666666666
0 0.6245 0.1755 0.025500000000000002 0.06166666666666666
0 0.59875 0.18766666666666665 0.025 0.022666666666666665
2 0.700625 0.6338333333333334 0.14775 0.015666666666666666
