1 0.56375 0.2205 0.2205 0.441
1 0.623 0.5703333333333334 0.1805 0.26466666666666666
2 0.498 0.45399999999999996 0.08 0.02
2 0.711875 0.4065 0.07375 0.023
2 0.528125 0.7205 0.15775 0.028333333333333332
0 0.640875 0.854 0.03075 0.29133333333333333
0 0.697875 0.8544999999999999 0.03425 0.29033333333333333
2 0.541375 0.9051666666666667 0.13125 0.023666666666666666
0 0.684625 0.6563333333333333 0.16175 0.048
0 0.72875 0.9605 0.0555 0.077
2 0.6875 0.7045 0.159 0.024999999999999998
0 0.654375 0.9186666666666666 0.08275 0.020666666666666667
2 0.71575 0.9866666666666666 0.161 0.020666666666666667
0 0.608875 0.8561666666666666 0.017750000000000002 0.2823333333333333
0 0.482 0.5856666666666667 0.0225 0.24733333333333332
0 0.503 0.8265 0.0325 0.177
0 0.51575 0.9591666666666666 0.008 0.081
0 0.559125 0.8158333333333333 0.02675 0.19233333333333333
0 0.502 0.8325 0.025 0.17566666666666667
0 0.58275 0.957 0.0195 0.08
0 0.667625 0.8215 0.035250000000000004 0.02033333333333333
