0 0.749125 0.7675 0.02725 0.39499999999999996
0 0.74725 0.9683333333333333 0.20350000000000001 0.03333333333333333
0 0.546875 0.06383333333333333 0.01525 0.12766666666666665
0 0.5786250000000001 0.13749999999999998 0.01425 0.26966666666666667
0 0.59325 0.42183333333333334 0.079 0.2643333333333333
0 0.694125 0.21366666666666667 0.01575 0.13799999999999998
0 0.661625 0.377 0.03875 0.08399999999999999
0 0.737 0.0745 0.0145 0.13566666666666666
0 0.767875 0.075 0.02275 0.14066666666666666
0 0.73575 0.2906666666666667 0.0185 0.11333333333333333
2 0.650375 0.8668333333333333 0.38375000000000004 0.016999999999999998
2 0.64125 0.5653333333333334 0.3825 0.020666666666666667
2 0.5195 0.1265 0.1005 0.024999999999999998
2 0.635 0.2901666666666667 0.3525 0.015
0 0.6395000000000001 0.4998333333333333 0.015 0.9996666666666666
0 0.703125 0.431 0.12025 0.035333333333333335
0 0.69475 0.49133333333333334 0.0415 0.13599999999999998
0 0.76625 0.5073333333333333 0.0125 0.11399999999999999
0 0.607 0.092 0.0555 0.018666666666666665
0 0.550875 0.20966666666666667 0.02075 0.14333333333333334
2 0.6025 0.142 0.059000000000000004 0.012
0 0.76975 0.219 0.0115 0.13599999999999998
0 0.7695 0.3728333333333333 0.0165 0.16033333333333333
0 0.801625 0.4558333333333333 0.051250000000000004 0.024333333333333332
2 0.722875 0.1455 0.17025 0.019
0 0.693625 0.357 0.01375 0.13533333333333333
0 0.727375 0.49033333333333334 0.03775 0.07733333333333334
0 0.67 0.08283333333333333 0.0665 0.015666666666666666
0 0.675875 0.04033333333333333 0.01225 0.07533333333333334
