0 0.302375 0.48333333333333334 0.18425 0.029333333333333333
0 0.491875 0.323 0.12575 0.034666666666666665
0 0.48612500000000003 0.4533333333333333 0.16175 0.03866666666666667
0 0.634625 0.48216666666666663 0.13525 0.029666666666666664
0 0.40875 0.738 0.0155 0.5233333333333333
0 0.476375 0.9089999999999999 0.14225000000000002 0.024
0 0.677875 0.9308333333333333 0.14425 0.043
0 0.822125 0.9854999999999999 0.14575 0.028333333333333332
0 0.7635000000000001 0.35033333333333333 0.3005 0.11399999999999999
0 0.411875 0.186 0.02075 0.18
0 0.429375 0.3835 0.01175 0.11366666666666667
0 0.409875 0.3963333333333333 0.01325 0.10933333333333332
0 0.427 0.8208333333333333 0.008 0.15833333333333333
