0 0.65425 0.06949999999999999 0.02 0.12766666666666665
0 0.69075 0.1775 0.178 0.051666666666666666
0 0.438125 0.23566666666666666 0.01525 0.11733333333333333
0 0.634 0.3968333333333333 0.28750000000000003 0.04833333333333333
0 0.714375 0.704 0.38425 0.06333333333333332
0 0.64375 0.6301666666666667 0.0115 0.14633333333333332
0 0.659375 0.499 0.01225 0.14666666666666667
0 0.6625 0.9716666666666667 0.28650000000000003 0.056
0 0.687875 0.7999999999999999 0.01175 0.11733333333333333
0 0.422 0.9551666666666666 0.11800000000000001 0.025666666666666667
0 0.68075 0.267 0.0285 0.096
0 0.725875 0.06516666666666666 0.01225 0.129
0 0.69125 0.022166666666666664 0.061 0.017666666666666667
