0 0.698375 0.5528333333333333 0.33225 0.033666666666666664
0 0.7505000000000001 0.489 0.0265 0.08466666666666667
0 0.659875 0.8746666666666666 0.11525 0.020666666666666667
0 0.652625 0.9388333333333333 0.017750000000000002 0.09899999999999999
0 0.48375 0.8783333333333333 0.0125 0.24266666666666667
0 0.3805 0.8241666666666666 0.1235 0.023666666666666666
0 0.45225 0.5185 0.02 0.14966666666666667
0 0.478625 0.4021666666666667 0.02425 0.13033333333333333
0 0.599375 0.0965 0.025750000000000002 0.121
0 0.609625 0.3155 0.02075 0.159
0 0.765875 0.6465 0.02425 0.095
0 0.764375 0.7521666666666667 0.02875 0.08566666666666667
