0 0.454 0.06566666666666666 0.015 0.13133333333333333
0 0.484 0.11299999999999999 0.014 0.22599999999999998
0 0.525875 0.035166666666666666 0.01425 0.07033333333333333
0 0.724375 0.021833333333333333 0.18425 0.034333333333333334
0 0.6555 0.23283333333333334 0.3825 0.027666666666666666
0 0.6022500000000001 0.7351666666666666 0.387 0.07633333333333334
0 0.666625 0.9351666666666666 0.012750000000000001 0.129
0 0.5161250000000001 0.3998333333333333 0.017750000000000002 0.09899999999999999
0 0.489 0.4528333333333333 0.017 0.21166666666666667
0 0.499 0.8865 0.0205 0.16766666666666666
0 0.671 0.12116666666666666 0.0175 0.13233333333333333
0 0.71525 0.8856666666666666 0.0845 0.017333333333333333
