0 0.36212500000000003 0.21316666666666667 0.08775000000000001 0.011
0 0.70075 0.6963333333333334 0.154 0.044
0 0.508875 0.7839999999999999 0.31025 0.05266666666666667
0 0.70625 0.8534999999999999 0.1835 0.034999999999999996
0 0.483 0.9048333333333333 0.016 0.187
0 0.667875 0.24983333333333332 0.09425 0.027666666666666666
0 0.77075 0.030333333333333334 0.023 0.04933333333333333
0 0.76625 0.1085 0.035 0.07633333333333334
0 0.478125 0.633 0.01675 0.16333333333333333
0 0.47300000000000003 0.441 0.0095 0.22
0 0.664375 0.35566666666666663 0.03125 0.15133333333333332
0 0.448 0.18783333333333332 0.0685 0.05233333333333333
0 0.5241250000000001 0.8571666666666666 0.01175 0.11833333333333333
0 0.668875 0.938 0.01125 0.12333333333333332
