0 0.59675 0.09016666666666666 0.526 0.048999999999999995
0 0.508 0.268 0.146 0.024
0 0.391125 0.24566666666666667 0.07925 0.028666666666666667
0 0.724 0.42783333333333334 0.2735 0.028999999999999998
0 0.699625 0.36216666666666664 0.01925 0.081
0 0.740125 0.7283333333333333 0.26025 0.038
0 0.472375 0.7658333333333333 0.29275 0.03233333333333333
0 0.6565 0.646 0.017 0.09799999999999999
0 0.6970000000000001 0.9323333333333333 0.017 0.13466666666666666
0 0.478875 0.4463333333333333 0.01175 0.26466666666666666
0 0.502125 0.69 0.010750000000000001 0.15733333333333333
0 0.501625 0.8724999999999999 0.01175 0.19366666666666665
