0 0.395625 0.0885 0.44075000000000003 0.059666666666666666
0 0.2015 0.2495 0.263 0.020999999999999998
0 0.33775 0.449 0.4865 0.076
0 0.420875 0.2831666666666667 0.025750000000000002 0.2543333333333333
0 0.47650000000000003 0.2823333333333333 0.0315 0.23333333333333334
0 0.2175 0.7473333333333333 0.2335 0.05333333333333333
0 0.445375 0.8326666666666667 0.35225 0.07333333333333333
0 0.23650000000000002 0.8718333333333333 0.1015 0.050333333333333334
0 0.45975 0.7516666666666666 0.015 0.08466666666666667
0 0.41575 0.9466666666666667 0.02 0.09333333333333332
0 0.4675 0.9331666666666666 0.025 0.11433333333333333
