0 0.56975 0.3768333333333333 0.3125 0.03166666666666666
0 0.272 0.4963333333333333 0.34650000000000003 0.025333333333333333
0 0.443625 0.106 0.02875 0.20666666666666667
0 0.535125 0.18266666666666667 0.19175 0.026
0 0.50225 0.08499999999999999 0.01 0.11333333333333333
0 0.52425 0.9734999999999999 0.424 0.05233333333333333
0 0.50625 0.6793333333333333 0.0155 0.5306666666666666
0 0.561 0.5615 0.009000000000000001 0.3303333333333333
0 0.291875 0.7446666666666666 0.02225 0.19799999999999998
0 0.31225 0.585 0.017 0.12666666666666665
0 0.383 0.748 0.03 0.13999999999999999
0 0.556875 0.2865 0.02375 0.10833333333333332
0 0.56125 0.8076666666666666 0.0105 0.092
