0 0.305875 0.374 0.13925 0.026666666666666665
0 0.33675 0.2215 0.268 0.037
0 0.422375 0.3491666666666667 0.07675 0.014333333333333333
0 0.47500000000000003 0.219 0.016 0.438
0 0.5275 0.14433333333333334 0.025 0.2793333333333333
0 0.596375 0.15166666666666667 0.13525 0.022
0 0.5700000000000001 0.4638333333333333 0.1645 0.051666666666666666
0 0.42575 0.44716666666666666 0.0835 0.018333333333333333
0 0.279375 0.5076666666666666 0.18925 0.04733333333333333
0 0.288875 0.6183333333333333 0.01175 0.192
0 0.245625 0.7165 0.24375 0.017666666666666667
0 0.29475 0.9431666666666666 0.151 0.01633333333333333
0 0.51175 0.9623333333333333 0.2755 0.05733333333333333
0 0.379 0.4998333333333333 0.026000000000000002 0.9996666666666666
0 0.52 0.6818333333333333 0.026000000000000002 0.36766666666666664
