0 0.41500000000000004 0.12216666666666666 0.5615 0.08433333333333333
0 0.56225 0.047 0.017 0.08266666666666667
0 0.331625 0.316 0.12275 0.036
0 0.495375 0.305 0.04225 0.018
0 0.5515 0.4721666666666666 0.013000000000000001 0.30633333333333335
0 0.34750000000000003 0.4448333333333333 0.10250000000000001 0.034999999999999996
0 0.3175 0.6896666666666667 0.0125 0.16133333333333333
0 0.32275 0.7909999999999999 0.3835 0.03333333333333333
0 0.63075 0.6521666666666667 0.1355 0.042333333333333334
0 0.5515 0.9116666666666666 0.292 0.04466666666666667
0 0.40775 0.9686666666666667 0.011 0.062
0 0.49975 0.5816666666666667 0.018000000000000002 0.10866666666666666
0 0.41475 0.637 0.018000000000000002 0.26866666666666666
0 0.49525 0.9646666666666667 0.0105 0.06999999999999999
0 0.495 0.8513333333333333 0.007 0.09866666666666667
0 0.338625 0.86 0.01325 0.09933333333333333
0 0.49925 0.22933333333333333 0.011 0.13266666666666665
