0 0.297875 0.496 0.16175 0.06066666666666667
0 0.506125 0.45249999999999996 0.25275000000000003 0.026333333333333334
0 0.534125 0.39216666666666666 0.06925 0.097
0 0.447375 0.7364999999999999 0.11275 0.018333333333333333
0 0.505375 0.6481666666666667 0.02325 0.3963333333333333
0 0.539125 0.7384999999999999 0.01425 0.217
0 0.514875 0.8476666666666667 0.23625000000000002 0.033999999999999996
0 0.4945 0.9245 0.011 0.15033333333333332
0 0.542875 0.9286666666666666 0.01625 0.142
0 0.396625 0.7611666666666667 0.02375 0.4736666666666666
0 0.326875 0.9616666666666667 0.11325 0.02333333333333333
0 0.370875 0.833 0.03825 0.03266666666666666
0 0.312625 0.7708333333333333 0.15275 0.03166666666666666
0 0.181875 0.7371666666666666 0.07125000000000001 0.027
0 0.33125 0.6436666666666666 0.0655 0.022666666666666665
0 0.308875 0.30383333333333334 0.12725 0.018333333333333333
0 0.321375 0.2663333333333333 0.010750000000000001 0.06799999999999999
2 0.438875 0.23116666666666666 0.35725 0.024999999999999998
0 0.509625 0.09983333333333333 0.01825 0.19966666666666666
0 0.313875 0.09849999999999999 0.014750000000000001 0.19366666666666665
0 0.401375 0.042499999999999996 0.07825 0.08166666666666667
0 0.356 0.09266666666666666 0.017 0.18533333333333332
