3 0.324375 0.35883333333333334 0.13775 0.7176666666666667
3 0.33087500000000003 0.8726666666666666 0.12575 0.254
3 0.5705 0.3278333333333333 0.3135 0.6503333333333333
3 0.4835 0.864 0.117 0.2673333333333333
3 0.627 0.874 0.10250000000000001 0.25
0 0.139375 0.7175 0.22125 0.05433333333333333
0 0.11275 0.8835 0.017 0.23233333333333334
0 0.168 0.7995 0.0315 0.081
0 0.19375 0.9103333333333333 0.11 0.05533333333333333
0 0.41075 0.8865 0.021500000000000002 0.22633333333333333
0 0.695875 0.8498333333333333 0.03425 0.29966666666666664
0 0.34650000000000003 0.7308333333333333 0.1845 0.034999999999999996
0 0.57725 0.6943333333333334 0.337 0.05533333333333333
0 0.24575 0.04516666666666667 0.0185 0.09033333333333333
0 0.08225 0.2885 0.04 0.034333333333333334
0 0.072875 0.5469999999999999 0.05725 0.03133333333333333
0 0.168 0.6074999999999999 0.1115 0.03833333333333333
0 0.12025 0.6671666666666667 0.0135 0.050333333333333334
0 0.2515 0.47983333333333333 0.023 0.2816666666666667
0 0.919 0.4073333333333333 0.1615 0.026
0 0.9185 0.745 0.1625 0.032
0 0.9686250000000001 0.5731666666666666 0.02125 0.33699999999999997
0 0.967875 0.22833333333333333 0.01875 0.33466666666666667
0 0.974 0.017499999999999998 0.0425 0.014333333333333333
0 0.5553750000000001 0.8973333333333333 0.02775 0.20466666666666666
0 0.258625 0.9021666666666667 0.01375 0.195
