0 0.292875 0.07783333333333332 0.01425 0.15233333333333332
0 0.24975 0.19949999999999998 0.025 0.09433333333333332
0 0.285125 0.3113333333333333 0.02425 0.19599999999999998
0 0.23325 0.407 0.032 0.12266666666666666
0 0.275375 0.44566666666666666 0.02225 0.041999999999999996
0 0.276875 0.4658333333333333 0.17625 0.026333333333333334
0 0.4475 0.23099999999999998 0.1375 0.024
0 0.471875 0.10716666666666666 0.01375 0.211
0 0.47400000000000003 0.5756666666666667 0.0195 0.08666666666666667
0 0.43675 0.47383333333333333 0.13 0.048999999999999995
0 0.3995 0.6306666666666666 0.2975 0.034666666666666665
0 0.266125 0.8008333333333333 0.02775 0.16966666666666666
0 0.398625 0.9115 0.22425 0.033666666666666664
0 0.20475000000000002 0.9083333333333333 0.0465 0.12
