2 0.459625 0.06516666666666666 0.45625 0.033666666666666664
0 0.499625 0.24883333333333332 0.03075 0.27699999999999997
0 0.606 0.3655 0.17200000000000001 0.041666666666666664
0 0.6085 0.5718333333333333 0.015 0.14966666666666667
0 0.6208750000000001 0.6778333333333333 0.15425 0.034333333333333334
0 0.29975 0.29116666666666663 0.0135 0.08566666666666667
0 0.386625 0.30916666666666665 0.13425 0.022333333333333334
0 0.30375 0.4513333333333333 0.03 0.17133333333333334
0 0.30725 0.6021666666666666 0.051500000000000004 0.037
0 0.364375 0.5888333333333333 0.02125 0.121
0 0.3895 0.7021666666666666 0.301 0.071
0 0.567375 0.8426666666666667 0.02625 0.06866666666666667
0 0.542875 0.9056666666666666 0.02725 0.041999999999999996
0 0.65625 0.8363333333333333 0.04 0.09999999999999999
0 0.5595 0.9501666666666666 0.3705 0.09899999999999999
0 0.562875 0.5441666666666667 0.029750000000000002 0.22766666666666666
