0 0.290125 0.05316666666666667 0.18575 0.024999999999999998
0 0.460125 0.051 0.14675 0.04666666666666666
0 0.494 0.1565 0.009000000000000001 0.06766666666666667
0 0.401 0.20199999999999999 0.302 0.051333333333333335
0 0.500375 0.36566666666666664 0.010750000000000001 0.082
0 0.410875 0.4928333333333333 0.25475000000000003 0.033666666666666664
0 0.281875 0.39949999999999997 0.02775 0.09233333333333334
0 0.228 0.5253333333333333 0.0315 0.07733333333333334
2 0.390625 0.7713333333333333 0.46125 0.03266666666666666
0 0.510875 0.5841666666666666 0.025750000000000002 0.123
0 0.54225 0.6936666666666667 0.02 0.102
0 0.42975 0.8636666666666666 0.0265 0.086
0 0.42962500000000003 0.9598333333333333 0.059250000000000004 0.07966666666666666
0 0.351875 0.5608333333333333 0.02225 0.059
0 0.350375 0.6885 0.02775 0.07233333333333333
0 0.2335 0.6001666666666666 0.017 0.059666666666666666
0 0.23275 0.6608333333333333 0.0135 0.06433333333333333
0 0.538375 0.531 0.00975 0.06533333333333333
