0 0.45225 0.10866666666666666 0.2435 0.030666666666666665
0 0.31975000000000003 0.056 0.0225 0.112
0 0.259375 0.108 0.03275 0.12466666666666666
0 0.261125 0.2665 0.01625 0.11233333333333333
2 0.4225 0.39016666666666666 0.466 0.026333333333333334
0 0.543375 0.19799999999999998 0.02075 0.09133333333333334
0 0.576875 0.3213333333333333 0.02375 0.11133333333333333
0 0.462625 0.564 0.03225 0.2733333333333333
0 0.570375 0.6888333333333333 0.17325000000000002 0.04766666666666666
0 0.349875 0.6315 0.13525 0.027666666666666666
0 0.26575 0.629 0.0185 0.11133333333333333
0 0.255375 0.8368333333333333 0.025750000000000002 0.25366666666666665
0 0.33287500000000003 0.9038333333333333 0.01575 0.181
0 0.5796250000000001 0.8945 0.01325 0.16833333333333333
0 0.425 0.7533333333333333 0.021500000000000002 0.14666666666666667
0 0.38675 0.18366666666666667 0.015 0.06466666666666666
