3 0.435375 0.5703333333333334 0.12175 0.41866666666666663
3 0.28025 0.5589999999999999 0.1395 0.38666666666666666
3 0.44125000000000003 0.9306666666666666 0.095 0.13666666666666666
0 0.021500000000000002 0.057499999999999996 0.037 0.08499999999999999
0 0.024 0.21433333333333332 0.048 0.020666666666666667
0 0.20800000000000002 0.4073333333333333 0.0415 0.8093333333333333
0 0.026625 0.43 0.05325 0.034666666666666665
0 0.012875000000000001 0.6428333333333333 0.02125 0.04033333333333333
0 0.03725 0.7493333333333333 0.0685 0.05533333333333333
0 0.169 0.7775 0.0835 0.05633333333333333
0 0.137625 0.5738333333333333 0.06325 0.019666666666666666
0 0.296625 0.7925 0.12775 0.029666666666666664
0 0.36512500000000003 0.3445 0.26125 0.03166666666666666
0 0.674625 0.25033333333333335 0.23075 0.038
0 0.670375 0.5431666666666667 0.02375 0.587
0 0.62425 0.050333333333333334 0.227 0.04133333333333333
0 0.821875 0.4088333333333333 0.02925 0.8163333333333334
0 0.783625 0.03216666666666666 0.05425 0.021666666666666667
0 0.754375 0.14633333333333332 0.02125 0.21333333333333332
0 0.668625 0.157 0.02425 0.14066666666666666
0 0.43775000000000003 0.7851666666666667 0.1305 0.022333333333333334
0 0.51225 0.8373333333333333 0.0915 0.06799999999999999
0 0.709 0.8411666666666666 0.28500000000000003 0.05233333333333333
0 0.6765 0.9349999999999999 0.023 0.12933333333333333
0 0.831375 0.9201666666666667 0.03375 0.15566666666666665
0 0.76475 0.9435 0.025 0.11233333333333333
0 0.895875 0.7283333333333333 0.07425 0.09533333333333333
0 0.902875 0.7965 0.09275 0.037
0 0.865125 0.6133333333333333 0.07525 0.03666666666666667
0 0.764375 0.42033333333333334 0.02275 0.15333333333333332
0 0.7332500000000001 0.539 0.022 0.06866666666666667
0 0.7711250000000001 0.6098333333333333 0.02775 0.11166666666666666
0 0.7815 0.7098333333333333 0.035500000000000004 0.05233333333333333
0 0.59325 0.33316666666666667 0.0665 0.03233333333333333
0 0.277625 0.9701666666666666 0.03775 0.059
0 0.536 0.24833333333333332 0.0345 0.06866666666666667
0 0.542375 0.348 0.01875 0.06666666666666667
0 0.58525 0.163 0.1 0.142
3 0.41925 0.16516666666666666 0.1395 0.329
0 0.30362500000000003 0.19949999999999998 0.09725 0.036333333333333336
0 0.362375 0.5015 0.03075 0.9963333333333333
0 0.14375000000000002 0.39349999999999996 0.0935 0.027
0 0.497625 0.086 0.01125 0.172
0 0.512375 0.6638333333333333 0.01175 0.073
0 0.50725 0.5545 0.011 0.03766666666666667
0 0.506 0.4463333333333333 0.0075 0.14733333333333332
0 0.258 0.292 0.016 0.08666666666666667
0 0.27825 0.132 0.015 0.11
0 0.255625 0.029333333333333333 0.05575 0.022
0 0.325625 0.025666666666666667 0.043750000000000004 0.010666666666666666
0 0.155375 0.5856666666666667 0.014750000000000001 0.08066666666666666
0 0.043750000000000004 0.5955 0.032 0.08499999999999999
