0 0.33725 0.057499999999999996 0.033 0.09633333333333333
0 0.40475 0.075 0.022 0.13333333333333333
0 0.449 0.17933333333333332 0.3605 0.07533333333333334
0 0.695125 0.14316666666666666 0.12575 0.03166666666666666
0 0.657625 0.05466666666666666 0.02075 0.10933333333333332
0 0.353875 0.48416666666666663 0.31775000000000003 0.06766666666666667
0 0.6677500000000001 0.4071666666666667 0.2995 0.08833333333333333
0 0.617125 0.3055 0.04425 0.04566666666666667
0 0.72475 0.2846666666666667 0.0535 0.08399999999999999
0 0.743125 0.5439999999999999 0.02125 0.18466666666666667
0 0.704 0.4875 0.0365 0.051666666666666666
0 0.78325 0.5623333333333334 0.02 0.12466666666666666
0 0.727375 0.7326666666666667 0.22425 0.12733333333333333
0 0.622625 0.5503333333333333 0.03475 0.19266666666666665
0 0.567125 0.7785 0.07425 0.10366666666666666
0 0.6415 0.9049999999999999 0.033 0.18933333333333333
0 0.4445 0.8688333333333333 0.0825 0.020999999999999998
0 0.471125 0.7883333333333333 0.03775 0.10466666666666666
0 0.941125 0.9418333333333333 0.07775 0.08366666666666667
0 0.46475 0.5845 0.022 0.07433333333333333
0 0.292125 0.5775 0.03425 0.08299999999999999
0 0.7065 0.8454999999999999 0.101 0.019
0 0.716 0.9831666666666666 0.115 0.017666666666666667
0 0.551875 0.9926666666666666 0.14825 0.014
0 0.941875 0.8278333333333333 0.11575 0.023666666666666666
3 0.909 0.6761666666666667 0.1815 0.2363333333333333
