0 0.268 0.04466666666666667 0.0185 0.078
0 0.345375 0.042166666666666665 0.010750000000000001 0.081
0 0.332625 0.10366666666666666 0.12775 0.028666666666666667
0 0.558625 0.06899999999999999 0.012750000000000001 0.13799999999999998
0 0.505625 0.08116666666666666 0.01325 0.13966666666666666
0 0.528 0.11516666666666667 0.0155 0.11699999999999999
0 0.51975 0.19083333333333333 0.218 0.034999999999999996
0 0.216125 0.21033333333333332 0.04225 0.024666666666666667
0 0.364 0.24466666666666667 0.1165 0.04
0 0.326125 0.35083333333333333 0.02225 0.11166666666666666
0 0.33137500000000003 0.44866666666666666 0.13225 0.035333333333333335
0 0.40775 0.7328333333333333 0.5165 0.07433333333333333
0 0.527375 0.5655 0.01825 0.24166666666666667
0 0.474375 0.32316666666666666 0.12575 0.06166666666666666
0 0.56475 0.4383333333333333 0.022 0.048666666666666664
0 0.47650000000000003 0.5198333333333334 0.02 0.23033333333333333
0 0.467875 0.8638333333333333 0.00675 0.19833333333333333
0 0.311875 0.9015 0.09975 0.023666666666666666
0 0.515 0.942 0.0085 0.11533333333333333
