0 0.13975 0.06166666666666666 0.065 0.024666666666666667
0 0.202875 0.03233333333333333 0.06125 0.03
0 0.171875 0.16033333333333333 0.02075 0.15133333333333332
0 0.171375 0.2801666666666667 0.15325 0.01633333333333333
0 0.17475000000000002 0.48566666666666664 0.028 0.21133333333333332
0 0.140125 0.46649999999999997 0.05275 0.024999999999999998
0 0.116125 0.5426666666666666 0.02625 0.015333333333333332
2 0.174375 0.8059999999999999 0.14725 0.03
0 0.218 0.6521666666666667 0.09 0.034333333333333334
0 0.581875 0.10066666666666667 0.17075 0.04
0 0.41775 0.1605 0.17400000000000002 0.033
3 0.40425 0.5361666666666667 0.17 0.19433333333333333
3 0.356875 0.853 0.12125 0.2906666666666667
3 0.62925 0.5655 0.1075 0.8683333333333333
3 0.539375 0.8526666666666667 0.07125000000000001 0.29266666666666663
3 0.542625 0.35983333333333334 0.08625000000000001 0.42633333333333334
0 0.36725 0.6988333333333333 0.1 0.030333333333333334
0 0.8286250000000001 0.8654999999999999 0.16575 0.059
0 0.82875 0.9488333333333333 0.02 0.10166666666666667
0 0.8255 0.7846666666666666 0.0135 0.12
0 0.860375 0.646 0.09225 0.03733333333333333
0 0.811875 0.146 0.15075 0.04466666666666667
0 0.853 0.33366666666666667 0.05 0.035333333333333335
0 0.824625 0.4756666666666666 0.01925 0.11333333333333333
0 0.868375 0.5436666666666666 0.03075 0.07066666666666667
0 0.207875 0.5321666666666667 0.01425 0.09899999999999999
0 0.205375 0.9626666666666667 0.02225 0.05733333333333333
0 0.178625 0.8694999999999999 0.01875 0.07233333333333333
3 0.41150000000000003 0.36266666666666664 0.159 0.154
0 0.468375 0.237 0.01125 0.09999999999999999
3 0.45537500000000003 0.8171666666666666 0.08175 0.365
0 0.413375 0.0775 0.01825 0.147
0 0.43675 0.07616666666666666 0.02 0.14833333333333332
0 0.470625 0.06966666666666667 0.02075 0.13666666666666666
0 0.52 0.041666666666666664 0.0155 0.082
0 0.551625 0.04416666666666667 0.01375 0.08566666666666667
0 0.580875 0.045 0.01375 0.08866666666666666
0 0.614625 0.03816666666666667 0.01225 0.07633333333333334
0 0.631375 0.041666666666666664 0.02125 0.07066666666666667
