0 0.09 0.024666666666666667 0.1 0.038
0 0.1255 0.13516666666666666 0.017 0.20033333333333334
0 0.129375 0.26416666666666666 0.18125 0.025666666666666667
0 0.1275 0.4023333333333333 0.0235 0.09999999999999999
0 0.130875 0.537 0.01575 0.13333333333333333
0 0.1325 0.8518333333333333 0.169 0.027666666666666666
0 0.134375 0.9085 0.01025 0.103
0 0.174375 0.6755 0.08275 0.023666666666666666
0 0.06575 0.5579999999999999 0.043000000000000003 0.022666666666666665
0 0.167625 0.5256666666666666 0.01925 0.06466666666666666
0 0.3955 0.05466666666666666 0.0265 0.09999999999999999
0 0.39137500000000003 0.135 0.17925 0.041999999999999996
0 0.581125 0.06616666666666667 0.19075 0.05233333333333333
0 0.8476250000000001 0.12666666666666665 0.17925 0.029333333333333333
0 0.87075 0.31916666666666665 0.066 0.016999999999999998
0 0.883375 0.6701666666666667 0.08975 0.015666666666666666
0 0.85075 0.9131666666666667 0.1765 0.023
0 0.8466250000000001 0.8178333333333333 0.01625 0.177
0 0.849125 0.9611666666666666 0.014750000000000001 0.077
0 0.8452500000000001 0.5376666666666666 0.0105 0.23466666666666666
0 0.895 0.5551666666666667 0.0285 0.07633333333333334
0 0.33725 0.724 0.1015 0.02
3 0.34825 0.594 0.094 0.176
3 0.33025 0.8811666666666667 0.126 0.237
3 0.534125 0.5518333333333333 0.09475 0.8956666666666666
3 0.6375000000000001 0.5593333333333333 0.1115 0.8806666666666666
3 0.435375 0.329 0.07275 0.35733333333333334
3 0.43675 0.751 0.084 0.49
0 0.3955 0.33499999999999996 0.008 0.17866666666666667
0 0.422375 0.05516666666666666 0.01925 0.11033333333333332
0 0.459625 0.05366666666666667 0.01575 0.10733333333333334
0 0.636 0.02 0.011 0.04
0 0.616375 0.02033333333333333 0.01225 0.04066666666666666
0 0.581125 0.021333333333333333 0.01325 0.042666666666666665
0 0.5473750000000001 0.021833333333333333 0.00975 0.04033333333333333
0 0.512 0.021833333333333333 0.01 0.041666666666666664
3 0.34875 0.3815 0.091 0.23966666666666667
0 0.10675 0.4728333333333333 0.0815 0.016999999999999998
