3 0.30125 0.7163333333333333 0.5985 0.24333333333333332
3 0.506375 0.9211666666666667 0.98675 0.157
3 0.449 0.49083333333333334 0.2805 0.16833333333333333
3 0.41775 0.2831666666666667 0.20650000000000002 0.18966666666666665
3 0.8015 0.7343333333333333 0.391 0.21
3 0.10025 0.244 0.2005 0.2786666666666667
0 0.247875 0.24783333333333332 0.035750000000000004 0.23433333333333334
0 0.15425 0.48733333333333334 0.3075 0.18533333333333332
0 0.279875 0.381 0.10775 0.03266666666666666
0 0.980625 0.8375 0.03825 0.07166666666666667
0 0.147875 0.3923333333333333 0.15625 0.018666666666666665
0 0.27475 0.6041666666666666 0.525 0.034999999999999996
3 0.708 0.2891666666666667 0.383 0.179
3 0.793125 0.4975 0.40625 0.179
0 0.653 0.39349999999999996 0.273 0.024333333333333332
