0 0.051125000000000004 0.014666666666666666 0.09775 0.029333333333333333
0 0.08700000000000001 0.2808333333333333 0.17400000000000002 0.03166666666666666
0 0.139 0.42133333333333334 0.095 0.03333333333333333
0 0.13725 0.49216666666666664 0.09 0.034333333333333334
0 0.05625 0.5305 0.111 0.031
0 0.091875 0.6535 0.01225 0.23566666666666666
0 0.08725000000000001 0.7913333333333333 0.1685 0.038
0 0.095375 0.903 0.02025 0.188
0 0.374625 0.6511666666666667 0.19875 0.04766666666666666
0 0.579 0.5856666666666667 0.20650000000000002 0.06866666666666667
0 0.859375 0.6418333333333334 0.18475 0.043666666666666666
0 0.90075 0.8493333333333333 0.077 0.036
0 0.909 0.9608333333333333 0.0565 0.028333333333333332
0 0.865 0.297 0.021500000000000002 0.18466666666666667
0 0.816125 0.1275 0.10925 0.04566666666666667
0 0.863625 0.05183333333333333 0.02125 0.10366666666666666
1 0.36762500000000004 0.22899999999999998 0.16075 0.4333333333333333
1 0.570125 0.2708333333333333 0.19175 0.5416666666666666
1 0.572625 0.8108333333333333 0.18775 0.37766666666666665
0 0.372 0.8255 0.185 0.025666666666666667
0 0.44625000000000004 0.752 0.0175 0.12933333333333333
0 0.38075000000000003 0.8015 0.008 0.05633333333333333
0 0.374375 0.9198333333333333 0.18625 0.15966666666666665
