3 0.295 0.5121666666666667 0.1015 0.939
3 0.1485 0.19716666666666666 0.167 0.3943333333333333
3 0.457625 0.5045 0.14775 0.9903333333333333
3 0.6115 0.4711666666666667 0.155 0.9423333333333334
0 0.134375 0.49366666666666664 0.21275 0.05266666666666667
0 0.218 0.4398333333333333 0.0285 0.07433333333333333
0 0.212 0.8543333333333333 0.023 0.23866666666666667
0 0.214625 0.6211666666666666 0.02075 0.18566666666666667
0 0.607625 0.9816666666666667 0.04225 0.036
3 0.105875 0.7773333333333333 0.18625 0.44466666666666665
0 0.9065 0.8378333333333333 0.185 0.030333333333333334
0 0.945625 0.9203333333333333 0.01225 0.15866666666666665
0 0.950375 0.6868333333333333 0.02075 0.2816666666666667
0 0.956375 0.23666666666666666 0.02125 0.3973333333333333
0 0.8628750000000001 0.32816666666666666 0.07775 0.013
