3 0.324 0.13766666666666666 0.298 0.2753333333333333
3 0.592875 0.7078333333333333 0.18275 0.5836666666666667
3 0.7771250000000001 0.5589999999999999 0.16975 0.366
3 0.57975 0.06366666666666666 0.145 0.11399999999999999
3 0.763 0.16216666666666665 0.14 0.27899999999999997
0 0.65425 0.16083333333333333 0.04 0.030333333333333334
0 0.649 0.23266666666666666 0.0305 0.03333333333333333
2 0.927125 0.33366666666666667 0.14325000000000002 0.029333333333333333
2 0.92725 0.7783333333333333 0.14150000000000001 0.044
0 0.9365 0.9101666666666667 0.0285 0.179
0 0.909375 0.647 0.02725 0.182
0 0.9237500000000001 0.049499999999999995 0.152 0.09899999999999999
0 0.12925 0.13516666666666666 0.1495 0.07833333333333332
0 0.288875 0.30466666666666664 0.38175000000000003 0.05533333333333333
0 0.129 0.9041666666666667 0.0565 0.043
0 0.212375 0.966 0.01725 0.06733333333333333
0 0.243625 0.8898333333333333 0.03325 0.15966666666666665
0 0.32075 0.9106666666666666 0.0315 0.178
0 0.36362500000000003 0.8664999999999999 0.01575 0.08566666666666667
0 0.3825 0.965 0.0535 0.06933333333333333
0 0.44225000000000003 0.9668333333333333 0.013000000000000001 0.06566666666666666
0 0.789375 0.9493333333333333 0.16425 0.10066666666666667
0 0.758625 0.8333333333333333 0.11125 0.04
0 0.6755 0.0385 0.0235 0.077
0 0.784625 0.3505 0.01175 0.05233333333333333
0 0.528625 0.22416666666666665 0.035750000000000004 0.165
0 0.52075 0.3275 0.053 0.028333333333333332
0 0.51475 0.38416666666666666 0.025 0.06166666666666666
0 0.669 0.38366666666666666 0.025 0.06866666666666667
0 0.30362500000000003 0.7959999999999999 0.37725000000000003 0.05533333333333333
0 0.769625 0.7588333333333334 0.18025 0.029666666666666664
2 0.9267500000000001 0.5296666666666666 0.146 0.018
0 0.7455 0.3183333333333333 0.2185 0.041999999999999996
3 0.286125 0.5456666666666666 0.40425 0.43133333333333335
2 0.026375 0.15866666666666665 0.05275 0.02
2 0.045 0.8906666666666666 0.08650000000000001 0.02
0 0.8865000000000001 0.4315 0.012 0.18366666666666667
2 0.92975 0.9625 0.14 0.01633333333333333
0 0.89025 0.719 0.0155 0.06933333333333333
