3 0.17550000000000002 0.7311666666666666 0.28500000000000003 0.537
3 0.46087500000000003 0.8006666666666666 0.14575 0.39799999999999996
3 0.618625 0.731 0.12575 0.18733333333333332
3 0.5995 0.9121666666666667 0.115 0.175
3 0.235625 0.1775 0.17775 0.355
3 0.506875 0.09899999999999999 0.30225 0.18866666666666665
3 0.446625 0.37116666666666664 0.17725 0.365
0 0.07575 0.14066666666666666 0.1335 0.036
0 0.075375 0.307 0.02925 0.08066666666666666
0 0.171875 0.36716666666666664 0.33625 0.029666666666666664
0 0.11762500000000001 0.4318333333333333 0.017750000000000002 0.06766666666666667
0 0.218625 0.41883333333333334 0.02725 0.08366666666666667
0 0.288625 0.42366666666666664 0.02725 0.08733333333333333
0 0.339375 0.37516666666666665 0.03725 0.030333333333333334
0 0.61175 0.39699999999999996 0.095 0.03266666666666666
0 0.63075 0.4393333333333333 0.0285 0.064
0 0.619375 0.5976666666666667 0.15725 0.022666666666666665
0 0.531 0.5736666666666667 0.008 0.03333333333333333
0 0.625 0.21116666666666667 0.03 0.020999999999999998
0 0.676125 0.8866666666666666 0.04225 0.05333333333333333
0 0.35225 0.7336666666666667 0.0585 0.03733333333333333
0 0.019375 0.7274999999999999 0.01875 0.023
0 0.0165 0.956 0.033 0.030666666666666665
0 0.3765 0.6736666666666666 0.01 0.06
0 0.462625 0.5683333333333334 0.02225 0.038
0 0.419 0.5888333333333333 0.0465 0.027666666666666666
0 0.604 0.49216666666666664 0.074 0.04766666666666666
0 0.6042500000000001 0.5441666666666667 0.059500000000000004 0.059666666666666666
0 0.937625 0.604 0.12425 0.03266666666666666
0 0.940875 0.37216666666666665 0.11775000000000001 0.025666666666666667
0 0.9908750000000001 0.5476666666666666 0.017750000000000002 0.08866666666666666
0 0.997 0.057666666666666665 0.0055 0.11533333333333333
