0 0.181875 0.07516666666666666 0.02225 0.13699999999999998
0 0.240875 0.077 0.03425 0.14466666666666667
0 0.30925 0.048999999999999995 0.02 0.08666666666666667
0 0.074 0.0265 0.025 0.04766666666666666
0 0.172375 0.17983333333333332 0.34475 0.055
0 0.36612500000000003 0.07033333333333333 0.010750000000000001 0.124
0 0.065375 0.29283333333333333 0.017750000000000002 0.081
0 0.07100000000000001 0.5055 0.026000000000000002 0.30433333333333334
3 0.236875 0.5996666666666667 0.19925 0.7999999999999999
3 0.530375 0.362 0.29475 0.24266666666666667
0 0.03 0.45516666666666666 0.051500000000000004 0.034333333333333334
0 0.07225 0.6839999999999999 0.0315 0.04666666666666666
0 0.069375 0.7293333333333333 0.13575 0.036
0 0.06425 0.9056666666666666 0.0235 0.066
0 0.06925 0.9528333333333333 0.131 0.033666666666666664
0 0.123625 0.898 0.02725 0.044
0 0.36 0.3993333333333333 0.0315 0.23133333333333334
0 0.100125 0.4993333333333333 0.06275 0.022
0 0.529625 0.502 0.34525 0.03733333333333333
3 0.44825 0.757 0.17300000000000001 0.48533333333333334
0 0.341 0.8664999999999999 0.02 0.21766666666666665
3 0.459625 0.09133333333333334 0.13525 0.18266666666666667
0 0.5437500000000001 0.10083333333333333 0.0235 0.20166666666666666
3 0.632 0.076 0.14350000000000002 0.152
3 0.6085 0.6683333333333333 0.14 0.322
0 0.524875 0.21633333333333332 0.35375 0.056
2 0.807125 0.04716666666666666 0.17925 0.027
0 0.763375 0.2698333333333333 0.06575 0.42833333333333334
0 0.94325 0.5391666666666667 0.113 0.027
0 0.984625 0.028833333333333332 0.01725 0.05233333333333333
