3 0.22262500000000002 0.3455 0.44525000000000003 0.691
3 0.207875 0.8736666666666666 0.40475 0.24333333333333332
0 0.22075 0.7218333333333333 0.382 0.051666666666666666
0 0.667875 0.6859999999999999 0.42725 0.042666666666666665
3 0.54475 0.327 0.183 0.654
3 0.788625 0.33216666666666667 0.18025 0.647
0 0.679125 0.4698333333333333 0.02925 0.373
3 0.5795 0.8488333333333333 0.1825 0.30166666666666664
0 0.687125 0.7849999999999999 0.02075 0.19799999999999998
3 0.796875 0.8375 0.15125 0.3243333333333333
0 0.680875 0.04633333333333333 0.03075 0.09266666666666666
2 0.9510000000000001 0.19233333333333333 0.0975 0.013333333333333332
2 0.9510000000000001 0.5816666666666667 0.0975 0.013333333333333332
