3 0.26175 0.23483333333333334 0.2735 0.4696666666666667
3 0.568125 0.21533333333333332 0.26375 0.43066666666666664
3 0.26175 0.7858333333333333 0.2715 0.42766666666666664
3 0.6461250000000001 0.9006666666666666 0.12075 0.19799999999999998
3 0.595875 0.5646666666666667 0.03075 0.12333333333333332
3 0.643375 0.6915 0.10675 0.13966666666666666
3 0.4945 0.8758333333333334 0.108 0.24766666666666665
0 0.568375 0.9035 0.01875 0.19233333333333333
0 0.2665 0.5383333333333333 0.2905 0.03333333333333333
0 0.512375 0.49066666666666664 0.18825 0.06333333333333332
0 0.467375 0.6463333333333333 0.03875 0.20733333333333331
0 0.517875 0.6393333333333333 0.03225 0.22
0 0.5650000000000001 0.601 0.0245 0.18733333333333332
0 0.6375000000000001 0.45 0.1345 0.022666666666666665
0 0.9815 0.307 0.0365 0.5546666666666666
0 0.93075 0.98 0.138 0.026666666666666665
2 0.779875 0.757 0.14475 0.013333333333333332
2 0.7785 0.5086666666666666 0.14300000000000002 0.008
