3 0.282375 0.29033333333333333 0.33125 0.5806666666666667
3 0.55975 0.27749999999999997 0.157 0.5549999999999999
3 0.75425 0.8026666666666666 0.11 0.39399999999999996
3 0.571375 0.846 0.10825 0.30733333333333335
3 0.296 0.825 0.292 0.34933333333333333
0 0.28225 0.6116666666666667 0.34500000000000003 0.066
0 0.662625 0.6783333333333333 0.02075 0.15333333333333332
0 0.604 0.6398333333333334 0.0465 0.08566666666666667
0 0.517875 0.6436666666666666 0.02725 0.08933333333333333
0 0.464 0.8203333333333334 0.0305 0.25266666666666665
0 0.506875 0.8385 0.01625 0.10366666666666666
0 0.659875 0.8271666666666666 0.08025 0.03766666666666667
0 0.656125 0.9768333333333333 0.017750000000000002 0.04566666666666667
0 0.639375 0.5775 0.33725 0.045
3 0.73575 0.4008333333333333 0.165 0.307
3 0.732875 0.097 0.18775 0.18733333333333332
0 0.734375 0.20733333333333331 0.17725 0.04466666666666667
2 0.915125 0.18533333333333332 0.16925 0.012
2 0.915375 0.4955 0.16875 0.015666666666666666
