3 0.47825 0.37416666666666665 0.3365 0.7163333333333333
3 0.384 0.9011666666666667 0.122 0.19699999999999998
0 0.26587500000000003 0.10183333333333333 0.03425 0.185
0 0.178625 0.05466666666666666 0.13075 0.04666666666666666
0 0.20475000000000002 0.13333333333333333 0.0665 0.06666666666666667
0 0.226875 0.23716666666666666 0.20475000000000002 0.027666666666666666
0 0.269625 0.32166666666666666 0.03075 0.09133333333333334
0 0.224625 0.32466666666666666 0.04925 0.028666666666666667
0 0.177125 0.37116666666666664 0.05525 0.026333333333333334
0 0.253875 0.41083333333333333 0.09225 0.023666666666666666
0 0.152125 0.4728333333333333 0.05425 0.016999999999999998
0 0.186375 0.5033333333333333 0.043750000000000004 0.02733333333333333
0 0.242875 0.5489999999999999 0.05775 0.025333333333333333
0 0.28400000000000003 0.5746666666666667 0.028 0.222
0 0.16875 0.5998333333333333 0.059500000000000004 0.015666666666666666
0 0.290625 0.7603333333333333 0.34325 0.06066666666666667
0 0.6605 0.7765 0.1865 0.06366666666666666
0 0.6865 0.6303333333333333 0.07 0.028666666666666667
0 0.660875 0.6765 0.017750000000000002 0.05366666666666667
0 0.743 0.009333333333333332 0.0615 0.009333333333333332
0 0.70025 0.03966666666666666 0.088 0.03133333333333333
0 0.7056250000000001 0.1565 0.14325000000000002 0.043666666666666666
0 0.68625 0.2773333333333333 0.088 0.03333333333333333
0 0.70475 0.387 0.11800000000000001 0.05266666666666667
0 0.682 0.4725 0.065 0.161
0 0.962375 0.047 0.07475 0.035333333333333335
0 0.9455 0.3605 0.1085 0.023666666666666666
0 0.913625 0.6729999999999999 0.04525 0.019333333333333334
0 0.9423750000000001 0.9011666666666667 0.11475 0.041
0 0.65325 0.8518333333333333 0.018000000000000002 0.08299999999999999
0 0.6565 0.9598333333333333 0.1545 0.065
0 0.568375 0.8688333333333333 0.02075 0.10566666666666666
0 0.15675 0.9031666666666667 0.076 0.041
0 0.247625 0.8788333333333334 0.03775 0.061
0 0.24925 0.958 0.02 0.05733333333333333
0 0.300875 0.9003333333333333 0.02425 0.022
0 0.02775 0.8614999999999999 0.053 0.025666666666666667
0 0.03375 0.27449999999999997 0.0675 0.042333333333333334
0 0.47775 0.7903333333333333 0.033 0.015333333333333332
2 0.8085 0.9236666666666666 0.134 0.022
