3 0.343 0.4643333333333333 0.11850000000000001 0.8886666666666666
3 0.187125 0.5455 0.14425 0.297
3 0.4915 0.2495 0.12 0.47433333333333333
3 0.473375 0.8028333333333333 0.11925000000000001 0.24766666666666665
3 0.599 0.6636666666666666 0.101 0.536
0 0.5775 0.047 0.015 0.08466666666666667
0 0.605375 0.1275 0.11075 0.04766666666666666
0 0.888 0.07316666666666666 0.1915 0.015
0 0.894 0.030333333333333334 0.0195 0.06066666666666667
0 0.886875 0.3265 0.01925 0.505
0 0.885125 0.598 0.20425000000000001 0.038
0 0.89475 0.7411666666666666 0.028 0.241
0 0.8865000000000001 0.968 0.2145 0.04666666666666666
0 0.840125 0.30466666666666664 0.035750000000000004 0.16
0 0.97975 0.2826666666666667 0.0235 0.2533333333333333
0 0.841125 0.42083333333333334 0.05375 0.055
0 0.61575 0.20083333333333334 0.1015 0.06833333333333333
0 0.608 0.2695 0.1115 0.034333333333333334
0 0.6025 0.34883333333333333 0.115 0.077
0 0.538375 0.9443333333333332 0.24675 0.035333333333333335
0 0.61125 0.986 0.035 0.022
0 0.2615 0.9226666666666666 0.2985 0.041999999999999996
0 0.27875 0.9708333333333333 0.048 0.05433333333333333
0 0.197875 0.836 0.16575 0.078
0 0.22362500000000002 0.7454999999999999 0.03875 0.08366666666666667
0 0.269 0.718 0.0265 0.024666666666666667
0 0.0245 0.6303333333333333 0.049 0.025333333333333333
0 0.022 0.9069999999999999 0.0425 0.014
0 0.0265 0.06983333333333333 0.053 0.023666666666666666
0 0.152875 0.10133333333333333 0.09275 0.050666666666666665
0 0.182125 0.23116666666666666 0.06075 0.015666666666666666
0 0.176 0.3138333333333333 0.1295 0.034333333333333334
0 0.231875 0.3775 0.02925 0.025666666666666667
0 0.2655 0.09 0.035 0.04666666666666666
0 0.214375 0.10316666666666666 0.03275 0.121
0 0.23975000000000002 0.23266666666666666 0.043500000000000004 0.07333333333333333
0 0.41250000000000003 0.19316666666666665 0.015 0.36566666666666664
0 0.41225 0.39166666666666666 0.017 0.02
0 0.42075 0.4498333333333333 0.021500000000000002 0.023666666666666666
0 0.42325 0.5195 0.042 0.06566666666666666
0 0.42975 0.6321666666666667 0.043500000000000004 0.043666666666666666
0 0.53725 0.5841666666666666 0.027 0.17433333333333334
0 0.332625 0.973 0.05425 0.05333333333333333
0 0.377375 0.9748333333333333 0.01975 0.049666666666666665
2 0.081875 0.824 0.07025 0.014
2 0.720875 0.512 0.12025 0.021333333333333333
2 0.724 0.30383333333333334 0.114 0.01633333333333333
2 0.723375 0.10116666666666667 0.12025 0.016999999999999998
0 0.7242500000000001 0.1285 0.109 0.028999999999999998
0 0.720125 0.9561666666666666 0.12075 0.030333333333333334
0 0.68175 0.9773333333333333 0.009000000000000001 0.04466666666666667
