3 0.309375 0.11933333333333333 0.14875 0.22933333333333333
3 0.319 0.635 0.1345 0.7293333333333333
3 0.515625 0.11733333333333333 0.21675 0.23133333333333334
3 0.58925 0.8303333333333333 0.11 0.326
3 0.47050000000000003 0.9039999999999999 0.1335 0.19133333333333333
3 0.17325000000000002 0.8524999999999999 0.159 0.22166666666666665
0 0.137125 0.022666666666666665 0.035750000000000004 0.030666666666666665
0 0.1905 0.064 0.0575 0.020666666666666667
0 0.129 0.11133333333333333 0.053 0.016666666666666666
0 0.125 0.2405 0.082 0.03966666666666666
0 0.12125 0.3795 0.063 0.027666666666666666
0 0.165625 0.5086666666666666 0.05825 0.020666666666666667
0 0.171625 0.5888333333333333 0.14525 0.03166666666666666
0 0.122875 0.6856666666666666 0.06375 0.021333333333333333
0 0.206875 0.6903333333333334 0.043750000000000004 0.11399999999999999
0 0.02325 0.9161666666666667 0.045 0.04766666666666666
0 0.017875000000000002 0.3456666666666667 0.035750000000000004 0.028666666666666667
0 0.305125 0.26316666666666666 0.17725 0.034999999999999996
0 0.7835 0.15783333333333333 0.0375 0.013
0 0.865 0.17233333333333334 0.017 0.3446666666666667
0 0.8615 0.3565 0.20350000000000001 0.015666666666666666
0 0.922875 0.051333333333333335 0.06725 0.028666666666666667
0 0.8608750000000001 0.6113333333333333 0.01825 0.5106666666666666
0 0.86075 0.8678333333333333 0.201 0.028333333333333332
0 0.8140000000000001 0.5661666666666666 0.0605 0.13433333333333333
0 0.948625 0.5513333333333333 0.04275 0.19799999999999998
0 0.424375 0.7508333333333334 0.025750000000000002 0.09433333333333332
0 0.81325 0.6985 0.0265 0.09433333333333332
0 0.18887500000000002 0.9821666666666666 0.15975 0.034999999999999996
0 0.516875 0.2573333333333333 0.23675000000000002 0.043333333333333335
3 0.52 0.4648333333333333 0.23550000000000001 0.369
0 0.4365 0.6783333333333333 0.043000000000000003 0.044
0 0.8625 0.9363333333333334 0.01 0.12666666666666665
0 0.226625 0.09283333333333334 0.01375 0.17433333333333334
2 0.69475 0.38066666666666665 0.11800000000000001 0.021333333333333333
0 0.6950000000000001 0.4103333333333333 0.1155 0.022666666666666665
2 0.692875 0.7885 0.11425 0.014333333333333333
