3 0.319 0.8484999999999999 0.209 0.30233333333333334
3 0.55875 0.3383333333333333 0.223 0.6713333333333333
0 0.156125 0.07116666666666667 0.06225 0.020999999999999998
0 0.15125 0.15083333333333332 0.065 0.03166666666666666
0 0.146875 0.22316666666666665 0.06625 0.023666666666666666
0 0.163 0.30266666666666664 0.03 0.11066666666666666
0 0.162875 0.37416666666666665 0.06575 0.034333333333333334
0 0.15975 0.5693333333333334 0.058 0.076
0 0.29175 0.6808333333333333 0.2545 0.03166666666666666
0 0.16475 0.8126666666666666 0.0495 0.20066666666666666
0 0.437625 0.8298333333333333 0.01925 0.18566666666666667
0 0.432625 0.5498333333333333 0.02225 0.27699999999999997
0 0.43075 0.13983333333333334 0.0185 0.023
0 0.432875 0.2555 0.02275 0.037
0 0.434375 0.06066666666666667 0.02125 0.10666666666666666
0 0.9041250000000001 0.3476666666666667 0.19125 0.02733333333333333
0 0.9157500000000001 0.17033333333333334 0.0185 0.326
0 0.92 0.506 0.021500000000000002 0.24266666666666667
0 0.903375 0.722 0.19275 0.034666666666666665
0 0.92125 0.8975 0.019 0.131
0 0.977625 0.8451666666666666 0.04225 0.06566666666666666
0 0.96725 0.958 0.04 0.076
0 0.83975 0.4975 0.085 0.039
0 0.708125 0.7728333333333333 0.012750000000000001 0.14166666666666666
0 0.869 0.04933333333333333 0.0365 0.09333333333333332
0 0.8632500000000001 0.17216666666666666 0.0265 0.12766666666666665
0 0.029375000000000002 0.66 0.058750000000000004 0.029333333333333333
0 0.029875000000000002 0.3798333333333333 0.059750000000000004 0.028999999999999998
3 0.31125 0.331 0.218 0.662
0 0.159 0.7105 0.034 0.007666666666666666
0 0.184875 0.9216666666666666 0.06125 0.021333333333333333
0 0.192875 0.9626666666666667 0.03875 0.025333333333333333
3 0.563375 0.8598333333333333 0.22225 0.2796666666666667
0 0.5503750000000001 0.697 0.24625 0.032
0 0.7428750000000001 0.7088333333333333 0.12175 0.028333333333333332
0 0.713375 0.9239999999999999 0.02875 0.15133333333333332
2 0.74575 0.8456666666666667 0.1255 0.015333333333333332
2 0.749 0.051166666666666666 0.1275 0.015
2 0.745 0.26016666666666666 0.125 0.013
2 0.097875 0.58 0.07125000000000001 0.014
