3 0.40375 0.2628333333333333 0.27 0.499
3 0.43575 0.7973333333333333 0.4 0.4046666666666667
0 0.36275 0.5418333333333333 0.5555 0.07033333333333333
0 0.582875 0.021333333333333333 0.07575 0.029333333333333333
0 0.58625 0.10833333333333332 0.10200000000000001 0.03266666666666666
0 0.590125 0.2115 0.11025 0.045
0 0.594875 0.28783333333333333 0.03225 0.12766666666666665
0 0.576875 0.41283333333333333 0.10925 0.039
0 0.5690000000000001 0.4721666666666666 0.024 0.08966666666666666
0 0.785375 0.45649999999999996 0.03075 0.023666666666666666
0 0.8765000000000001 0.20133333333333334 0.209 0.056666666666666664
0 0.881 0.08683333333333333 0.023 0.17366666666666666
0 0.8718750000000001 0.43616666666666665 0.01725 0.4363333333333333
0 0.861 0.6628333333333333 0.194 0.023
0 0.864375 0.8305 0.01675 0.33699999999999997
0 0.8165 0.876 0.047 0.10666666666666666
0 0.951125 0.8141666666666666 0.02225 0.11833333333333333
0 0.5605 0.3453333333333333 0.031 0.014
0 0.194625 0.35883333333333334 0.05825 0.023666666666666666
0 0.134375 0.39316666666666666 0.05425 0.028333333333333332
0 0.15225 0.31266666666666665 0.05 0.035333333333333335
0 0.20425000000000001 0.22649999999999998 0.0765 0.018333333333333333
0 0.1105 0.2813333333333333 0.0465 0.022
0 0.140875 0.19216666666666665 0.05575 0.03233333333333333
0 0.18762500000000001 0.1545 0.03025 0.012333333333333333
0 0.216875 0.1435 0.02075 0.07366666666666666
0 0.24725 0.12216666666666666 0.021500000000000002 0.06766666666666667
0 0.12612500000000001 0.06799999999999999 0.059750000000000004 0.022
0 0.201875 0.013666666666666666 0.02625 0.02
0 0.243375 0.030333333333333334 0.01225 0.06066666666666667
0 0.25575000000000003 0.3436666666666667 0.03 0.020666666666666667
0 0.2325 0.3235 0.013000000000000001 0.07233333333333333
0 0.23450000000000001 0.421 0.0155 0.082
0 0.25825 0.4075 0.0165 0.019
0 0.200875 0.638 0.025750000000000002 0.044
2 0.13575 0.6723333333333333 0.0915 0.04
2 0.15862500000000002 0.7906666666666666 0.05575 0.03333333333333333
0 0.21225 0.7636666666666666 0.04 0.13333333333333333
2 0.153125 0.8741666666666666 0.13125 0.041
0 0.210125 0.9598333333333333 0.035750000000000004 0.07033333333333333
2 0.124 0.9676666666666667 0.063 0.026
2 0.0165 0.629 0.033 0.018
2 0.020875 0.11333333333333333 0.03425 0.026666666666666665
2 0.590875 0.46416666666666667 0.025750000000000002 0.018333333333333333
2 0.22275 0.07966666666666666 0.109 0.025333333333333333
0 0.213875 0.05533333333333333 0.010750000000000001 0.03333333333333333
2 0.6995 0.6825 0.1245 0.02033333333333333
2 0.695375 0.8833333333333333 0.11525 0.018666666666666665
