3 0.41975 0.2786666666666667 0.134 0.5573333333333333
3 0.408875 0.8048333333333333 0.15275 0.38966666666666666
0 0.06275 0.124 0.1255 0.050666666666666665
0 0.05725 0.506 0.10300000000000001 0.048666666666666664
0 0.059375000000000004 0.6545 0.11875000000000001 0.029666666666666664
0 0.054625 0.7723333333333333 0.10925 0.022666666666666665
0 0.268625 0.5553333333333333 0.18725 0.048
0 0.427875 0.5791666666666666 0.11975000000000001 0.031
0 0.255125 0.009833333333333333 0.05425 0.012333333333333333
0 0.310125 0.024166666666666666 0.03425 0.037
0 0.305125 0.0665 0.012750000000000001 0.024999999999999998
0 0.33975 0.046 0.0135 0.06933333333333333
0 0.274 0.0885 0.17200000000000001 0.030333333333333334
0 0.304375 0.1485 0.02725 0.07633333333333334
0 0.334 0.127 0.015 0.04466666666666667
0 0.27037500000000003 0.16883333333333334 0.04075 0.025666666666666667
0 0.2265 0.21233333333333332 0.0485 0.026666666666666665
0 0.29712500000000003 0.247 0.07075000000000001 0.024666666666666667
0 0.205375 0.30083333333333334 0.04475 0.022333333333333334
0 0.23650000000000002 0.33266666666666667 0.0455 0.02
0 0.28500000000000003 0.37666666666666665 0.0565 0.025333333333333333
0 0.325125 0.39266666666666666 0.02425 0.16666666666666666
0 0.21975 0.42066666666666663 0.049 0.019333333333333334
0 0.19725 0.6523333333333333 0.03 0.024666666666666667
0 0.21325 0.6896666666666667 0.066 0.024
0 0.254625 0.827 0.04625 0.022
0 0.212 0.9208333333333333 0.06 0.013
0 0.28425 0.9243333333333333 0.07100000000000001 0.064
0 0.3015 0.9831666666666666 0.0245 0.033
0 0.458625 0.6198333333333333 0.03125 0.028333333333333332
0 0.9315 0.6916666666666667 0.1365 0.020666666666666667
0 0.97775 0.4515 0.021 0.46699999999999997
0 0.97275 0.8454999999999999 0.025 0.30833333333333335
0 0.928625 0.9231666666666667 0.04025 0.13633333333333333
0 0.986125 0.09083333333333334 0.02375 0.17033333333333334
0 0.9343750000000001 0.19983333333333334 0.11575 0.030333333333333334
0 0.896625 0.48433333333333334 0.05025 0.018
0 0.61125 0.5783333333333334 0.2435 0.042666666666666665
0 0.40625 0.617 0.026000000000000002 0.043333333333333335
3 0.609625 0.8029999999999999 0.23825000000000002 0.3933333333333333
3 0.570125 0.27899999999999997 0.12925 0.5566666666666666
0 0.67575 0.4395 0.0995 0.03966666666666666
0 0.67775 0.22616666666666665 0.114 0.059666666666666666
0 0.701125 0.020833333333333332 0.11925000000000001 0.041666666666666664
0 0.692875 0.124 0.11125 0.03133333333333333
0 0.696375 0.29166666666666663 0.02775 0.13533333333333333
0 0.6725 0.5108333333333334 0.0245 0.097
2 0.800625 0.7095 0.12125 0.019
0 0.801625 0.7386666666666667 0.12225 0.024
