1 0.2905 0.27649999999999997 0.253 0.5376666666666666
1 0.586875 0.2836666666666667 0.26775 0.5673333333333334
1 0.24125 0.7868333333333333 0.3005 0.42566666666666664
1 0.57825 0.8093333333333333 0.2935 0.38066666666666665
0 0.261875 0.5593333333333333 0.35075 0.042666666666666665
0 0.596875 0.587 0.29225 0.054
0 0.950375 0.1725 0.09875 0.033666666666666664
0 0.9465 0.6255 0.1065 0.036333333333333336
0 0.77725 0.8693333333333333 0.05 0.26066666666666666
0 0.8133750000000001 0.6161666666666666 0.14475 0.036333333333333336
0 0.41250000000000003 0.727 0.0335 0.024
0 0.40900000000000003 0.8083333333333333 0.035 0.026666666666666665
0 0.40650000000000003 0.866 0.0345 0.048666666666666664
0 0.952375 0.9888333333333333 0.09475 0.021666666666666667
0 0.436125 0.37216666666666665 0.02225 0.2876666666666667
0 0.82225 0.3478333333333333 0.1615 0.081
0 0.43725 0.042333333333333334 0.0285 0.022
0 0.442125 0.17066666666666666 0.04575 0.03333333333333333
2 0.042875 0.4275 0.08375 0.015
0 0.12325 0.08783333333333333 0.026000000000000002 0.17566666666666667
0 0.11762500000000001 0.185 0.07325 0.04133333333333333
0 0.12712500000000002 0.4155 0.07875 0.05233333333333333
2 0.814125 0.7746666666666666 0.13675 0.02333333333333333
0 0.8240000000000001 0.9863333333333333 0.066 0.026666666666666665
0 0.9626250000000001 0.9141666666666667 0.01425 0.10633333333333334
0 0.109125 0.29133333333333333 0.04675 0.022666666666666665
2 0.829375 0.06866666666666667 0.14475 0.024
0 0.764625 0.6976666666666667 0.01125 0.152
