3 0.294375 0.09866666666666667 0.26475 0.19733333333333333
3 0.733 0.6325 0.533 0.7043333333333333
3 0.6148750000000001 0.1085 0.22225 0.21166666666666667
0 0.04875 0.08 0.08 0.14666666666666667
0 0.22525 0.2095 0.439 0.061
0 0.130125 0.5133333333333333 0.05725 0.05333333333333333
0 0.4515 0.6851666666666666 0.023 0.4503333333333333
0 0.717125 0.24433333333333332 0.54575 0.049999999999999996
0 0.497625 0.31316666666666665 0.02075 0.065
0 0.74075 0.16366666666666665 0.021500000000000002 0.10866666666666666
0 0.450125 0.10416666666666666 0.02275 0.20833333333333331
3 0.227375 0.6204999999999999 0.45225 0.7583333333333333
3 0.873625 0.10733333333333334 0.24525 0.21266666666666667
