0 0.76325 0.9441666666666666 0.0235 0.10566666666666666
3 0.3695 0.5135 0.1525 0.9723333333333333
3 0.56825 0.6846666666666666 0.185 0.602
0 0.237125 0.01983333333333333 0.13425 0.034333333333333334
0 0.211125 0.12316666666666666 0.17775 0.06366666666666666
0 0.23650000000000002 0.06266666666666666 0.0285 0.05333333333333333
0 0.100625 0.265 0.06675 0.02
0 0.231125 0.24366666666666667 0.03225 0.14466666666666667
0 0.165125 0.3485 0.09425 0.063
0 0.236125 0.3555 0.03925 0.077
0 0.26687500000000003 0.39666666666666667 0.02925 0.08666666666666667
0 0.111625 0.43316666666666664 0.08325 0.03766666666666667
0 0.226125 0.5231666666666667 0.02925 0.077
0 0.263625 0.4975 0.025750000000000002 0.05633333333333333
0 0.1925 0.5403333333333333 0.0425 0.010666666666666666
0 0.133375 0.5903333333333333 0.09075 0.04933333333333333
0 0.213625 0.6365 0.11575 0.043
0 0.09975 0.6923333333333334 0.0565 0.041999999999999996
0 0.138625 0.7374999999999999 0.05425 0.041
0 0.198375 0.7878333333333333 0.06525 0.023666666666666666
0 0.243625 0.8151666666666666 0.02125 0.20566666666666666
0 0.134375 0.8408333333333333 0.07875 0.059
0 0.093625 0.9854999999999999 0.06425 0.028333333333333332
0 0.457625 0.33566666666666667 0.01925 0.36666666666666664
0 0.450125 0.7166666666666667 0.012750000000000001 0.32666666666666666
0 0.7045 0.7201666666666666 0.039 0.16433333333333333
0 0.69575 0.8755 0.0785 0.037
0 0.686875 0.9259999999999999 0.04225 0.029333333333333333
0 0.959875 0.5748333333333333 0.07825 0.02033333333333333
0 0.949375 0.9258333333333333 0.04625 0.017666666666666667
0 0.9848750000000001 0.22333333333333333 0.02825 0.018
0 0.650375 0.10066666666666667 0.04075 0.026666666666666665
0 0.581125 0.27566666666666667 0.03225 0.20666666666666667
0 0.647375 0.2105 0.04675 0.01633333333333333
0 0.627625 0.29333333333333333 0.02125 0.162
0 0.7155 0.35383333333333333 0.148 0.048999999999999995
0 0.5815 0.07133333333333333 0.0345 0.13133333333333333
0 0.473625 0.08083333333333333 0.03125 0.13699999999999998
0 0.707125 0.49166666666666664 0.07825 0.02733333333333333
0 0.7076250000000001 0.6098333333333333 0.09425 0.050333333333333334
0 0.728 0.18833333333333332 0.0485 0.021333333333333333
0 0.70625 0.22683333333333333 0.092 0.024999999999999998
0 0.7585000000000001 0.21616666666666665 0.0095 0.051666666666666666
0 0.75325 0.020999999999999998 0.0245 0.041999999999999996
0 0.784375 0.09883333333333333 0.02075 0.03966666666666666
0 0.16475 0.23616666666666666 0.058 0.01633333333333333
0 0.232625 0.4485 0.11625 0.025666666666666667
