3 0.28125 0.5026666666666666 0.23500000000000001 0.994
3 0.5740000000000001 0.586 0.2565 0.8273333333333333
0 0.7947500000000001 0.7585 0.1865 0.09833333333333333
0 0.803 0.9049999999999999 0.0415 0.18933333333333333
0 0.778375 0.5615 0.15725 0.04433333333333333
0 0.81 0.3675 0.22 0.07833333333333332
0 0.806125 0.16949999999999998 0.13275 0.03766666666666667
0 0.88625 0.25083333333333335 0.035 0.06566666666666666
0 0.8608750000000001 0.1125 0.11575 0.029666666666666664
0 0.796 0.056499999999999995 0.0725 0.043
0 0.9001250000000001 0.036 0.05425 0.05533333333333333
0 0.68225 0.13699999999999998 0.0985 0.046
0 0.68625 0.05283333333333333 0.045 0.09433333333333332
0 0.592625 0.0165 0.08775000000000001 0.03166666666666666
0 0.4965 0.09733333333333333 0.1155 0.146
0 0.602875 0.13083333333333333 0.05575 0.07166666666666667
1 0.08787500000000001 0.018333333333333333 0.14725 0.03133333333333333
0 0.082625 0.09799999999999999 0.02225 0.05333333333333333
0 0.068375 0.288 0.08275 0.20933333333333332
0 0.01425 0.16666666666666666 0.0285 0.018
0 0.020375 0.34883333333333333 0.04075 0.025666666666666667
0 0.12662500000000002 0.4083333333333333 0.02525 0.13533333333333333
0 0.082 0.498 0.164 0.04933333333333333
0 0.021750000000000002 0.6393333333333333 0.0375 0.024
0 0.074625 0.615 0.03225 0.152
0 0.122625 0.5731666666666666 0.03075 0.08366666666666667
0 0.064875 0.773 0.12975 0.041999999999999996
0 0.093375 0.9328333333333333 0.021750000000000002 0.06366666666666666
0 0.7305 0.8554999999999999 0.0265 0.029666666666666664
0 0.788375 0.6573333333333333 0.01375 0.042666666666666665
0 0.41125 0.8231666666666666 0.025 0.3456666666666667
0 0.4265 0.3185 0.027 0.597
0 0.07025 0.4503333333333333 0.0225 0.06466666666666666
