3 0.432875 0.7793333333333333 0.37425 0.44066666666666665
3 0.34325 0.27516666666666667 0.195 0.5236666666666666
0 0.47650000000000003 0.06933333333333333 0.03 0.11599999999999999
0 0.540125 0.11983333333333333 0.02725 0.225
0 0.595875 0.14883333333333332 0.02425 0.283
0 0.584 0.44666666666666666 0.0265 0.21333333333333332
3 0.50825 0.41083333333333333 0.098 0.26166666666666666
0 0.20575000000000002 0.025166666666666667 0.047 0.039
0 0.20400000000000001 0.09983333333333333 0.022 0.08166666666666667
0 0.165875 0.16616666666666666 0.12575 0.041
0 0.121375 0.2728333333333333 0.02775 0.026333333333333334
0 0.21937500000000001 0.289 0.051250000000000004 0.07133333333333333
0 0.19325 0.369 0.0565 0.04666666666666666
0 0.20725000000000002 0.4578333333333333 0.08 0.07433333333333333
0 0.186875 0.5113333333333333 0.11225 0.038
0 0.14375000000000002 0.5675 0.04 0.06833333333333333
0 0.18075 0.6341666666666667 0.117 0.063
0 0.209375 0.6793333333333333 0.025750000000000002 0.029333333333333333
0 0.1605 0.7406666666666667 0.17350000000000002 0.05333333333333333
0 0.10375000000000001 0.847 0.12 0.057999999999999996
0 0.1965 0.8888333333333333 0.033 0.20099999999999998
0 0.131125 0.9465 0.08625000000000001 0.061
0 0.664 0.11516666666666667 0.112 0.042333333333333334
0 0.78075 0.20866666666666667 0.0535 0.014666666666666666
0 0.72075 0.249 0.0415 0.15333333333333332
0 0.6501250000000001 0.38316666666666666 0.09725 0.034999999999999996
0 0.710375 0.45 0.03925 0.11333333333333333
0 0.6465 0.4651666666666667 0.037 0.079
0 0.6607500000000001 0.5306666666666666 0.127 0.04666666666666666
0 0.760375 0.5426666666666666 0.04925 0.026666666666666665
0 0.6775 0.6003333333333333 0.1065 0.054
0 0.71825 0.6783333333333333 0.042 0.102
0 0.6843750000000001 0.7921666666666667 0.08725000000000001 0.04766666666666666
0 0.6743750000000001 0.838 0.09725 0.041999999999999996
0 0.68075 0.9623333333333333 0.107 0.04466666666666667
0 0.941875 0.17716666666666667 0.11575 0.03233333333333333
0 0.936 0.5838333333333333 0.11750000000000001 0.017666666666666667
0 0.925625 0.8386666666666667 0.08925 0.018666666666666665
0 0.992375 0.9501666666666666 0.014750000000000001 0.09899999999999999
0 0.7615000000000001 0.6008333333333333 0.0245 0.06833333333333333
0 0.15912500000000002 0.2723333333333333 0.01825 0.020666666666666667
0 0.15962500000000002 0.3328333333333333 0.02225 0.013
0 0.117 0.3265 0.0415 0.011666666666666665
0 0.12637500000000002 0.3718333333333333 0.02075 0.019666666666666666
0 0.155875 0.3733333333333333 0.012750000000000001 0.015333333333333332
0 0.12875 0.4473333333333333 0.0085 0.046
0 0.15625 0.4328333333333333 0.0155 0.015666666666666666
0 0.472125 0.21616666666666665 0.043250000000000004 0.027666666666666666
