3 0.3145 0.4998333333333333 0.1585 0.9996666666666666
3 0.5655 0.25566666666666665 0.28700000000000003 0.41
3 0.47875 0.815 0.18 0.36933333333333335
0 0.9185 0.309 0.1625 0.049999999999999996
0 0.951125 0.7111666666666666 0.03375 0.577
0 0.875375 0.766 0.12075 0.03333333333333333
1 0.721625 0.5236666666666666 0.05575 0.02333333333333333
0 0.713875 0.5828333333333333 0.05525 0.018333333333333333
0 0.7185 0.6465 0.0825 0.036333333333333336
0 0.715375 0.7338333333333333 0.04925 0.07366666666666666
0 0.71825 0.8311666666666666 0.0565 0.04566666666666667
0 0.72575 0.8843333333333333 0.0615 0.029333333333333333
0 0.708 0.9638333333333333 0.068 0.07033333333333333
0 0.62375 0.8153333333333334 0.091 0.06999999999999999
0 0.621375 0.874 0.09775 0.03133333333333333
0 0.61525 0.9481666666666666 0.027 0.103
0 0.6168750000000001 0.7203333333333333 0.08225 0.07133333333333333
0 0.585125 0.6241666666666666 0.03425 0.05633333333333333
0 0.55575 0.47983333333333333 0.023 0.04566666666666667
0 0.592125 0.026 0.31275000000000003 0.042666666666666665
0 0.395125 0.43116666666666664 0.05425 0.04766666666666666
0 0.382875 0.8373333333333333 0.01425 0.19333333333333333
0 0.179125 0.41633333333333333 0.13225 0.028
0 0.183375 0.5008333333333334 0.01725 0.057666666666666665
0 0.162625 0.6078333333333333 0.04825 0.029666666666666664
3 0.16725 0.7751666666666667 0.073 0.23233333333333334
0 0.16725 0.9501666666666666 0.045 0.09899999999999999
0 0.225375 0.7995 0.02225 0.10566666666666666
0 0.2315 0.9151666666666667 0.047 0.030333333333333334
0 0.979375 0.7586666666666666 0.04075 0.02
3 0.465375 0.5445 0.11275 0.17566666666666667
3 0.17375000000000002 0.221 0.124 0.39866666666666667
0 0.728 0.31816666666666665 0.028 0.14033333333333334
0 0.726125 0.45066666666666666 0.04875 0.022
0 0.722625 0.18 0.035750000000000004 0.024
