3 0.165125 0.06133333333333333 0.28275 0.10933333333333332
3 0.241875 0.5945 0.18375 0.8103333333333333
3 0.5 0.5616666666666666 0.23 0.8666666666666666
3 0.079375 0.7688333333333333 0.09575 0.3496666666666667
0 0.069 0.15116666666666667 0.1205 0.059
0 0.078625 0.247 0.04275 0.08066666666666666
0 0.045875 0.31416666666666665 0.04425 0.063
0 0.0825 0.39499999999999996 0.1165 0.078
0 0.12725 0.5188333333333334 0.0285 0.141
0 0.061125 0.5036666666666666 0.11375 0.046
0 0.023625 0.577 0.04275 0.028666666666666667
0 0.056125 0.965 0.10375000000000001 0.048666666666666664
0 0.252125 0.13749999999999998 0.21575 0.050333333333333334
0 0.585125 0.07733333333333334 0.40425 0.07333333333333333
0 0.406875 0.02033333333333333 0.03625 0.022
0 0.506875 0.020666666666666667 0.01225 0.026666666666666665
0 0.58125 0.016999999999999998 0.015 0.033999999999999996
0 0.6425 0.2821666666666667 0.0335 0.039
0 0.67825 0.36333333333333334 0.125 0.06
0 0.660375 0.567 0.07925 0.057999999999999996
0 0.698625 0.6375 0.035750000000000004 0.081
0 0.7136250000000001 0.488 0.07425 0.10933333333333332
0 0.6707500000000001 0.816 0.10300000000000001 0.07066666666666667
0 0.68475 0.8913333333333333 0.0365 0.044
0 0.68225 0.9575 0.05 0.077
