3 0.234375 0.12216666666666666 0.25175000000000003 0.24433333333333332
3 0.29975 0.6298333333333334 0.1325 0.7356666666666667
3 0.478375 0.6158333333333333 0.15325 0.761
3 0.47375 0.10183333333333333 0.111 0.20366666666666666
0 0.539125 0.20833333333333331 0.28975 0.051333333333333335
0 0.23075 0.255 0.2985 0.018666666666666665
0 0.589125 0.718 0.07175000000000001 0.04533333333333333
0 0.61975 0.8041666666666666 0.03 0.093
0 0.6315000000000001 0.9039999999999999 0.025500000000000002 0.08866666666666666
0 0.576875 0.899 0.04425 0.016
0 0.599 0.8783333333333333 0.02 0.008666666666666666
0 0.567875 0.8176666666666667 0.02925 0.014
0 0.593625 0.5476666666666666 0.06075 0.022666666666666665
0 0.63725 0.4943333333333333 0.05 0.07066666666666667
0 0.6032500000000001 0.4053333333333333 0.1065 0.03133333333333333
0 0.57775 0.358 0.025500000000000002 0.032
0 0.55325 0.08883333333333333 0.0235 0.17766666666666667
0 0.5915 0.08283333333333333 0.019 0.04633333333333333
0 0.6355000000000001 0.11399999999999999 0.025500000000000002 0.056
0 0.64575 0.06366666666666666 0.015 0.022
0 0.63125 0.015 0.008 0.03
0 0.65 0.013333333333333332 0.006500000000000001 0.022
3 0.1775 0.5455 0.106 0.5296666666666666
0 0.171875 0.9175 0.11375 0.051
0 0.626375 0.6198333333333333 0.02275 0.09366666666666666
0 0.91825 0.6046666666666667 0.163 0.044
0 0.9705 0.2906666666666667 0.026000000000000002 0.5813333333333334
0 0.9091250000000001 0.30933333333333335 0.09875 0.024666666666666667
0 0.962375 0.8128333333333333 0.02125 0.37366666666666665
0 0.906875 0.8973333333333333 0.09575 0.029333333333333333
0 0.618625 0.37566666666666665 0.01375 0.057999999999999996
0 0.131625 0.8611666666666666 0.01225 0.06433333333333333
