3 0.24025 0.6363333333333333 0.2665 0.4106666666666667
3 0.465875 0.4998333333333333 0.11925000000000001 0.9996666666666666
3 0.256 0.20116666666666666 0.255 0.271
3 0.630125 0.6408333333333334 0.21225 0.46499999999999997
3 0.622125 0.19816666666666666 0.19725 0.3963333333333333
0 0.24575 0.043666666666666666 0.277 0.05733333333333333
0 0.245 0.36116666666666664 0.278 0.039
0 0.17025 0.886 0.015 0.06
0 0.705 0.9071666666666667 0.0665 0.027666666666666666
0 0.7036250000000001 0.9674999999999999 0.058750000000000004 0.024999999999999998
0 0.710125 0.20933333333333332 0.04575 0.3293333333333333
0 0.96325 0.219 0.07200000000000001 0.38866666666666666
0 0.914 0.7088333333333333 0.1695 0.081
0 0.930125 0.9165 0.04275 0.16633333333333333
0 0.885875 0.188 0.05575 0.07133333333333333
0 0.94075 0.5465 0.0585 0.19833333333333333
0 0.378625 0.5308333333333333 0.04725 0.034999999999999996
0 0.153375 0.419 0.03075 0.024666666666666667
0 0.107875 0.6955 0.04725 0.037
0 0.32925 0.40549999999999997 0.11 0.03233333333333333
3 0.292375 0.9225 0.13675 0.15433333333333332
0 0.145875 0.9888333333333333 0.04475 0.021666666666666667
