3 0.155875 0.25366666666666665 0.31175 0.4993333333333333
3 0.191 0.776 0.1945 0.4473333333333333
3 0.42475 0.7508333333333334 0.1995 0.49766666666666665
3 0.426375 0.21166666666666667 0.17175 0.42333333333333334
0 0.544375 0.46749999999999997 0.41275 0.063
0 0.161875 0.5318333333333333 0.31775000000000003 0.05433333333333333
0 0.034 0.7195 0.055 0.22566666666666665
0 0.079625 0.7668333333333333 0.04725 0.02033333333333333
0 0.047125 0.8673333333333333 0.09425 0.035333333333333335
0 0.049375 0.9716666666666667 0.09875 0.056
0 0.578375 0.6595 0.04525 0.023666666666666666
0 0.608375 0.7396666666666667 0.15375 0.04533333333333333
0 0.543625 0.8099999999999999 0.04175 0.026666666666666665
0 0.540375 0.848 0.02775 0.03733333333333333
0 0.559625 0.8965 0.059250000000000004 0.03166666666666666
0 0.6085 0.9421666666666666 0.0925 0.050333333333333334
0 0.655625 0.9861666666666666 0.04425 0.027
0 0.669375 0.8741666666666666 0.09125 0.105
0 0.979375 0.30983333333333335 0.02725 0.01633333333333333
3 0.6125 0.20733333333333331 0.17500000000000002 0.41466666666666663
