3 0.318875 0.5015 0.16725 0.9903333333333333
3 0.52575 0.6769999999999999 0.1315 0.6453333333333333
0 0.1405 0.5108333333333334 0.1835 0.050333333333333334
0 0.199 0.3808333333333333 0.0305 0.04766666666666666
0 0.164125 0.2215 0.06425 0.09033333333333333
0 0.629 0.046 0.0145 0.088
0 0.7126250000000001 0.0305 0.01425 0.061
0 0.721125 0.1035 0.21625 0.03233333333333333
0 0.639 0.299 0.0195 0.122
0 0.754375 0.284 0.02425 0.08666666666666667
0 0.68575 0.8215 0.187 0.039
0 0.628 0.8775 0.021500000000000002 0.041
0 0.625375 0.9488333333333333 0.02075 0.050333333333333334
0 0.727875 0.8888333333333333 0.04275 0.04633333333333333
0 0.4355 0.6218333333333333 0.0665 0.03233333333333333
0 0.431875 0.8444999999999999 0.03225 0.2876666666666667
0 0.42762500000000003 0.3085 0.05075 0.020999999999999998
0 0.48675 0.1758333333333333 0.0545 0.3516666666666666
0 0.6285000000000001 0.5508333333333333 0.0345 0.3903333333333333
0 0.689375 0.41766666666666663 0.07875 0.036
0 0.672625 0.6506666666666666 0.05375 0.022666666666666665
0 0.74925 0.3718333333333333 0.023 0.08366666666666667
0 0.75425 0.44216666666666665 0.0425 0.051
0 0.741 0.485 0.0115 0.020666666666666667
0 0.753 0.5155 0.0145 0.045
0 0.74075 0.576 0.026000000000000002 0.078
0 0.726875 0.642 0.01875 0.056666666666666664
3 0.15787500000000002 0.7208333333333333 0.16225 0.3383333333333333
0 0.193875 0.9696666666666667 0.01325 0.06
0 0.716 0.9618333333333333 0.033 0.07566666666666666
