3 0.551625 0.4325 0.17675 0.8596666666666667
0 0.1465 0.076 0.025500000000000002 0.13533333333333333
0 0.1975 0.13833333333333334 0.035 0.12866666666666665
0 0.160875 0.3123333333333333 0.06575 0.122
0 0.17475000000000002 0.624 0.029500000000000002 0.09799999999999999
0 0.362 0.8938333333333333 0.5685 0.051666666666666666
0 0.447625 0.5756666666666667 0.02075 0.022
0 0.659625 0.04933333333333333 0.02925 0.08399999999999999
0 0.694375 0.10316666666666666 0.07875 0.018333333333333333
0 0.75925 0.07583333333333334 0.0665 0.024999999999999998
0 0.65575 0.3198333333333333 0.023 0.377
0 0.688625 0.4475 0.03875 0.061
0 0.752125 0.3175 0.03425 0.020999999999999998
0 0.73475 0.5508333333333333 0.182 0.027666666666666666
0 0.686125 0.7988333333333333 0.05075 0.030333333333333334
0 0.652875 0.8498333333333333 0.012750000000000001 0.06766666666666667
0 0.7455 0.9185 0.185 0.041
0 0.65725 0.9713333333333333 0.023 0.044
3 0.328625 0.4318333333333333 0.20375000000000001 0.8596666666666667
3 0.347375 0.9586666666666667 0.18925 0.082
0 0.50725 0.953 0.0175 0.09333333333333332
0 0.600875 0.9465 0.03225 0.10633333333333334
0 0.770375 0.1265 0.03725 0.06033333333333333
0 0.154 0.41283333333333333 0.024 0.06033333333333333
0 0.784875 0.29733333333333334 0.02725 0.010666666666666666
