3 0.314625 0.5016666666666667 0.18925 0.996
3 0.50225 0.4711666666666667 0.164 0.9423333333333334
0 0.198 0.12516666666666668 0.0455 0.017666666666666667
0 0.046875 0.19699999999999998 0.03625 0.38866666666666666
0 0.116125 0.3441666666666667 0.03775 0.079
0 0.108875 0.4735 0.017750000000000002 0.095
0 0.120875 0.5661666666666666 0.19125 0.04033333333333333
0 0.154625 0.38916666666666666 0.01975 0.091
0 0.16475 0.4945 0.012 0.04766666666666666
0 0.145 0.6236666666666666 0.03 0.05933333333333333
0 0.116875 0.6765 0.02625 0.025666666666666667
0 0.10262500000000001 0.8276666666666667 0.18975 0.05533333333333333
0 0.10275000000000001 0.981 0.188 0.03733333333333333
0 0.205375 0.9031666666666667 0.02225 0.193
0 0.42462500000000003 0.866 0.02075 0.03733333333333333
0 0.421875 0.46849999999999997 0.02625 0.030333333333333334
0 0.42362500000000003 0.17133333333333334 0.03725 0.038
0 0.633 0.07366666666666666 0.0285 0.134
0 0.702875 0.17216666666666666 0.21575 0.04766666666666666
0 0.749375 0.03183333333333333 0.012750000000000001 0.05433333333333333
0 0.62825 0.30683333333333335 0.015 0.24966666666666665
0 0.699375 0.4553333333333333 0.22275 0.04933333333333333
0 0.620125 0.6231666666666666 0.04575 0.285
0 0.690625 0.8893333333333333 0.20275 0.04933333333333333
0 0.5992500000000001 0.9505 0.0185 0.097
0 0.677125 0.9531666666666666 0.025750000000000002 0.065
0 0.098625 0.9216666666666666 0.02875 0.06666666666666667
