3 0.304875 0.5571666666666667 0.23625000000000002 0.885
3 0.519375 0.505 0.17425000000000002 0.9893333333333333
0 0.129 0.023166666666666665 0.025 0.041
0 0.236125 0.029833333333333333 0.01925 0.050333333333333334
0 0.22575 0.08466666666666667 0.374 0.06266666666666666
0 0.12587500000000001 0.21466666666666667 0.01875 0.05533333333333333
0 0.132875 0.285 0.14575 0.048666666666666664
0 0.11875000000000001 0.4548333333333333 0.0315 0.17166666666666666
0 0.164375 0.5478333333333333 0.03425 0.081
0 0.11975000000000001 0.6656666666666666 0.068 0.05333333333333333
0 0.107875 0.7336666666666667 0.025750000000000002 0.07333333333333333
0 0.161875 0.9008333333333333 0.03375 0.028333333333333332
0 0.153375 0.9726666666666667 0.03075 0.024
0 0.17075 0.7841666666666667 0.017 0.021666666666666667
0 0.6325000000000001 0.17316666666666666 0.0335 0.32966666666666666
0 0.663 0.24366666666666667 0.021500000000000002 0.06266666666666666
0 0.745375 0.15316666666666667 0.04225 0.030333333333333334
0 0.76225 0.29083333333333333 0.013000000000000001 0.081
0 0.724375 0.37033333333333335 0.04125 0.03266666666666666
0 0.647625 0.46449999999999997 0.04775 0.15433333333333332
0 0.6657500000000001 0.5641666666666666 0.08 0.025666666666666667
0 0.7332500000000001 0.5931666666666666 0.043500000000000004 0.07833333333333332
0 0.618625 0.7141666666666666 0.02125 0.257
0 0.71875 0.7791666666666667 0.0645 0.028333333333333332
0 0.629125 0.9021666666666667 0.03975 0.04633333333333333
0 0.299 0.035333333333333335 0.0225 0.057999999999999996
0 0.380375 0.03 0.02325 0.05466666666666666
0 0.7242500000000001 0.5451666666666667 0.058 0.028333333333333332
