3 0.28225 0.5045 0.19 0.9903333333333333
3 0.519 0.5011666666666666 0.1695 0.997
0 0.108 0.10416666666666666 0.16 0.034999999999999996
0 0.15962500000000002 0.23933333333333331 0.04925 0.08866666666666666
0 0.0605 0.35333333333333333 0.035 0.026666666666666665
0 0.152625 0.5003333333333333 0.03925 0.13266666666666665
0 0.09975 0.6143333333333333 0.1815 0.03933333333333333
0 0.08575 0.8083333333333333 0.0465 0.022666666666666665
0 0.1775 0.7655 0.025 0.019
0 0.121125 0.047 0.02625 0.056
0 0.40800000000000003 0.17133333333333334 0.051500000000000004 0.041999999999999996
0 0.38975 0.6575 0.032 0.041
0 0.405 0.8216666666666667 0.0485 0.05333333333333333
0 0.628625 0.19283333333333333 0.03725 0.3723333333333333
0 0.7295 0.021833333333333333 0.1775 0.043666666666666666
0 0.7025 0.077 0.0145 0.064
0 0.75225 0.186 0.0285 0.09999999999999999
0 0.691125 0.22983333333333333 0.08775000000000001 0.037
0 0.711125 0.4503333333333333 0.09375 0.04733333333333333
0 0.682 0.7248333333333333 0.151 0.041
0 0.69775 0.8391666666666666 0.0325 0.021666666666666667
