3 0.243 0.3143333333333333 0.3675 0.608
3 0.304 0.8411666666666666 0.1765 0.317
3 0.531 0.369 0.1565 0.722
0 0.218125 0.6555 0.36425 0.061
0 0.425875 0.6813333333333333 0.04425 0.018
0 0.705875 0.6775 0.18425 0.039
0 0.75825 0.4428333333333333 0.058 0.2723333333333333
0 0.629125 0.23933333333333331 0.04175 0.45266666666666666
0 0.812875 0.13216666666666665 0.029750000000000002 0.019
0 0.612125 0.8606666666666667 0.02375 0.27799999999999997
0 0.68 0.9588333333333333 0.23550000000000001 0.049666666666666665
0 0.56225 0.7726666666666666 0.0415 0.08266666666666667
0 0.46825 0.778 0.0465 0.06466666666666666
0 0.433625 0.9736666666666667 0.09275 0.03933333333333333
0 0.104875 0.8075 0.035250000000000004 0.15766666666666665
0 0.100125 0.965 0.01575 0.06933333333333333
0 0.17975 0.7726666666666666 0.065 0.04666666666666666
0 0.149625 0.8955 0.03075 0.09433333333333332
0 0.035250000000000004 0.8411666666666666 0.022 0.317
0 0.663875 0.11016666666666666 0.03825 0.015
