3 0.315875 0.48083333333333333 0.18225 0.7849999999999999
3 0.529125 0.4998333333333333 0.18675 0.9996666666666666
0 0.109625 0.0865 0.02025 0.173
0 0.256125 0.03933333333333333 0.02625 0.064
0 0.3165 0.04516666666666667 0.0445 0.08299999999999999
0 0.39537500000000003 0.043166666666666666 0.01925 0.075
0 0.21825 0.9298333333333333 0.392 0.06566666666666666
0 0.11900000000000001 0.6659999999999999 0.055 0.4713333333333333
0 0.121125 0.39166666666666666 0.07625 0.06
0 0.20125 0.3735 0.0475 0.025666666666666667
0 0.20800000000000002 0.5085 0.0415 0.036333333333333336
0 0.192625 0.604 0.010750000000000001 0.03133333333333333
0 0.20650000000000002 0.698 0.0385 0.05333333333333333
0 0.046125 0.8431666666666666 0.03075 0.10166666666666667
0 0.055 0.5506666666666666 0.0185 0.09999999999999999
0 0.6541250000000001 0.0825 0.02075 0.16366666666666665
0 0.649 0.23883333333333331 0.025 0.09899999999999999
0 0.720875 0.33266666666666667 0.20325000000000001 0.06933333333333333
0 0.6365000000000001 0.5341666666666667 0.027 0.297
0 0.71575 0.7221666666666666 0.18 0.06566666666666666
0 0.645375 0.9285 0.05225 0.023
0 0.6815 0.976 0.035500000000000004 0.04733333333333333
0 0.749375 0.46366666666666667 0.04575 0.04
0 0.712875 0.12366666666666666 0.01725 0.044
0 0.729 0.23283333333333334 0.025 0.11566666666666667
0 0.7655000000000001 0.151 0.043500000000000004 0.026
0 0.830125 0.0165 0.06275 0.027666666666666666
0 0.14025 0.09733333333333333 0.024 0.17933333333333332
0 0.175625 0.6558333333333333 0.059750000000000004 0.027
0 0.076375 0.6548333333333333 0.04425 0.017666666666666667
