3 0.3345 0.0935 0.194 0.187
3 0.3155 0.618 0.17350000000000002 0.7633333333333333
0 0.069625 0.08383333333333333 0.02775 0.08766666666666667
2 0.2455 0.2105 0.373 0.05233333333333333
0 0.20500000000000002 0.10483333333333333 0.046 0.16033333333333333
0 0.575125 0.7955 0.05325 0.4083333333333333
0 0.505125 0.17083333333333334 0.03725 0.157
0 0.58975 0.17333333333333334 0.0645 0.188
0 0.65275 0.0655 0.4055 0.028999999999999998
0 0.514375 0.026 0.01875 0.042666666666666665
0 0.60575 0.022666666666666665 0.021500000000000002 0.044
0 0.661125 0.022166666666666664 0.01625 0.041
0 0.656125 0.18066666666666667 0.03775 0.22533333333333333
0 0.629375 0.2985 0.04575 0.025666666666666667
0 0.7165 0.34249999999999997 0.149 0.028333333333333332
0 0.76475 0.48783333333333334 0.0335 0.19899999999999998
0 0.627625 0.5631666666666666 0.01925 0.15166666666666667
0 0.729625 0.6498333333333333 0.17925 0.045
0 0.623625 0.8231666666666666 0.02875 0.3416666666666667
0 0.74325 0.8973333333333333 0.055 0.20466666666666666
0 0.4845 0.4215 0.058 0.293
0 0.574875 0.43216666666666664 0.07075000000000001 0.2703333333333333
0 0.548125 0.28683333333333333 0.17075 0.06033333333333333
0 0.54875 0.5728333333333333 0.19 0.028333333333333332
0 0.495875 0.6878333333333333 0.059750000000000004 0.217
0 0.07075000000000001 0.16466666666666666 0.016 0.04733333333333333
0 0.146625 0.16166666666666665 0.01225 0.044
3 0.13675 0.7966666666666666 0.1905 0.3953333333333333
0 0.154125 0.346 0.08875 0.132
0 0.06625 0.3835 0.023 0.20566666666666666
0 0.217375 0.4136666666666666 0.02625 0.020666666666666667
0 0.416875 0.5816666666666667 0.02925 0.013333333333333332
0 0.148 0.5168333333333334 0.059500000000000004 0.163
0 0.07325 0.5513333333333333 0.041 0.020666666666666667
0 0.108 0.576 0.036000000000000004 0.013333333333333332
