3 0.336125 0.148 0.19375 0.2846666666666667
3 0.546875 0.5021666666666667 0.19225 0.995
3 0.33825 0.5445 0.158 0.301
3 0.326875 0.867 0.15075 0.24266666666666667
0 0.145 0.14266666666666666 0.05 0.282
0 0.25475000000000003 0.328 0.385 0.07333333333333333
0 0.20075 0.0445 0.0665 0.033
0 0.225625 0.09333333333333332 0.03425 0.011333333333333332
0 0.73825 0.5843333333333333 0.185 0.03266666666666666
0 0.7235 0.8544999999999999 0.08600000000000001 0.024333333333333332
0 0.7315 0.9561666666666666 0.0405 0.087
0 0.424375 0.7575 0.03425 0.027666666666666666
0 0.22212500000000002 0.7136666666666667 0.36425 0.04666666666666666
0 0.17500000000000002 0.4046666666666667 0.15 0.05333333333333333
0 0.240125 0.5595 0.025750000000000002 0.241
0 0.19225 0.6108333333333333 0.067 0.16833333333333333
0 0.145375 0.48416666666666663 0.03225 0.09633333333333333
0 0.053625 0.5923333333333333 0.025750000000000002 0.08
0 0.056125 0.6678333333333333 0.02925 0.027666666666666666
0 0.13075 0.6723333333333333 0.033 0.041999999999999996
0 0.1275 0.5908333333333333 0.025 0.045
0 0.043250000000000004 0.8983333333333333 0.0305 0.19
0 0.134 0.8518333333333333 0.08650000000000001 0.13633333333333333
0 0.114 0.9716666666666667 0.042 0.056
0 0.20675000000000002 0.9108333333333333 0.045 0.039
0 0.21962500000000001 0.9736666666666667 0.04075 0.02733333333333333
0 0.23475000000000001 0.8059999999999999 0.0165 0.11333333333333333
0 0.4365 0.5918333333333333 0.0345 0.041
0 0.656 0.8626666666666667 0.033 0.010666666666666666
