3 0.30975 0.134 0.201 0.268
3 0.54825 0.12 0.1535 0.22666666666666666
3 0.538625 0.6631666666666667 0.16425 0.6729999999999999
0 0.148 0.03 0.0085 0.06
0 0.131 0.326 0.203 0.035333333333333335
0 0.12375 0.08 0.0125 0.04
0 0.09025 0.48433333333333334 0.0325 0.07733333333333334
0 0.075625 0.58 0.029750000000000002 0.04733333333333333
0 0.096875 0.747 0.02625 0.07733333333333334
0 0.124875 0.8186666666666667 0.08775000000000001 0.028
0 0.048875 0.8383333333333333 0.04475 0.026
0 0.085875 0.9196666666666666 0.02825 0.07933333333333333
0 0.63975 0.6164999999999999 0.029 0.5383333333333333
0 0.678625 0.4235 0.035750000000000004 0.07433333333333333
0 0.7065 0.5261666666666667 0.0345 0.05233333333333333
0 0.7455 0.6074999999999999 0.0735 0.063
0 0.743125 0.6769999999999999 0.03625 0.028666666666666667
0 0.71525 0.7454999999999999 0.129 0.04433333333333333
0 0.758375 0.817 0.07925 0.07066666666666667
0 0.6481250000000001 0.29816666666666664 0.41325 0.09366666666666666
0 0.663 0.08833333333333333 0.0385 0.17133333333333334
0 0.799 0.07333333333333333 0.082 0.041999999999999996
0 0.44325000000000003 0.07316666666666666 0.035 0.061
0 0.4365 0.19316666666666665 0.0245 0.08166666666666667
0 0.322625 0.29 0.24825 0.05733333333333333
0 0.307 0.6585 0.2095 0.6823333333333333
0 0.197125 0.8221666666666666 0.03775 0.036333333333333336
0 0.115125 0.135 0.01325 0.041999999999999996
0 0.112 0.19766666666666666 0.009000000000000001 0.022666666666666665
