3 0.296125 0.39516666666666667 0.21225 0.7736666666666666
3 0.541875 0.4998333333333333 0.18925 0.9996666666666666
0 0.664 0.16366666666666665 0.035 0.3273333333333333
0 0.742375 0.3423333333333333 0.14175000000000001 0.04533333333333333
0 0.76075 0.41183333333333333 0.021500000000000002 0.09033333333333333
0 0.670125 0.5756666666666667 0.06425 0.018666666666666665
0 0.6475 0.6536666666666666 0.0165 0.06933333333333333
0 0.74 0.7538333333333334 0.201 0.028999999999999998
0 0.786125 0.6793333333333333 0.03375 0.08866666666666666
0 0.741125 0.5543333333333333 0.04125 0.11533333333333333
0 0.7875 0.5208333333333334 0.045 0.10099999999999999
0 0.753 0.041666666666666664 0.0975 0.056666666666666664
0 0.786125 0.125 0.03375 0.07133333333333333
0 0.779375 0.22033333333333333 0.05725 0.04666666666666666
0 0.74575 0.8861666666666667 0.083 0.039
0 0.17725 0.030333333333333334 0.073 0.033999999999999996
0 0.12687500000000002 0.075 0.07225 0.051333333333333335
0 0.139 0.15033333333333332 0.038 0.09133333333333334
0 0.15925 0.255 0.11 0.104
0 0.0995 0.36816666666666664 0.015 0.09166666666666666
0 0.1145 0.45249999999999996 0.067 0.06833333333333333
0 0.1225 0.698 0.0365 0.06466666666666666
0 0.229 0.8218333333333333 0.4305 0.07433333333333333
0 0.22137500000000002 0.9311666666666666 0.02675 0.13699999999999998
0 0.278375 0.9335 0.04075 0.13233333333333333
0 0.36612500000000003 0.9288333333333333 0.03225 0.14166666666666666
0 0.698125 0.09 0.04725 0.012666666666666666
