3 0.327875 0.18416666666666667 0.20275 0.357
3 0.3105 0.7573333333333333 0.1765 0.48466666666666663
3 0.53725 0.7065 0.1615 0.5863333333333333
3 0.549875 0.16233333333333333 0.16225 0.3153333333333333
0 0.12712500000000002 0.03183333333333333 0.04575 0.06366666666666666
0 0.13975 0.2811666666666667 0.032 0.06766666666666667
0 0.215 0.23183333333333334 0.03 0.039
0 0.240375 0.4018333333333333 0.40925 0.07233333333333333
0 0.2415 0.47983333333333333 0.025500000000000002 0.07633333333333334
0 0.299 0.4785 0.035 0.081
0 0.38 0.4756666666666666 0.021500000000000002 0.07533333333333334
0 0.12175 0.6596666666666666 0.0345 0.012
0 0.042125 0.7424999999999999 0.04225 0.016999999999999998
0 0.051625000000000004 0.8355 0.051250000000000004 0.020999999999999998
0 0.144125 0.9796666666666667 0.14575 0.03133333333333333
0 0.419375 0.747 0.01725 0.186
0 0.5407500000000001 0.35566666666666663 0.1785 0.062
0 0.6565 0.16466666666666666 0.0385 0.318
0 0.7465 0.3303333333333333 0.227 0.03266666666666666
0 0.65575 0.48366666666666663 0.0415 0.26066666666666666
0 0.635 0.7298333333333333 0.03 0.17833333333333332
0 0.71775 0.7168333333333333 0.1465 0.045
0 0.625375 0.9265 0.017750000000000002 0.11833333333333333
0 0.7125 0.9003333333333333 0.1505 0.056
0 0.6955 0.15066666666666667 0.043000000000000003 0.024
0 0.757125 0.1315 0.03175 0.11699999999999999
0 0.7925 0.03666666666666667 0.0535 0.07333333333333333
0 0.800125 0.25083333333333335 0.035750000000000004 0.10366666666666666
0 0.8043750000000001 0.12366666666666666 0.03875 0.044
0 0.784375 0.5046666666666666 0.04425 0.118
