3 0.320875 0.4708333333333333 0.20425000000000001 0.6829999999999999
3 0.5407500000000001 0.4995 0.1705 0.999
0 0.138 0.2703333333333333 0.0415 0.036
0 0.06575 0.35216666666666663 0.06 0.03233333333333333
0 0.065 0.4475 0.06 0.036333333333333336
0 0.149625 0.5893333333333333 0.15075 0.05533333333333333
0 0.192625 0.7021666666666666 0.04925 0.029666666666666664
0 0.11812500000000001 0.7668333333333333 0.014750000000000001 0.07166666666666667
0 0.11975000000000001 0.8231666666666666 0.192 0.043
0 0.109375 0.8616666666666667 0.02875 0.04
0 0.111125 0.9555 0.02925 0.08833333333333333
0 0.226875 0.9106666666666666 0.02075 0.178
0 0.28075 0.9083333333333333 0.0385 0.17533333333333334
0 0.42075 0.8241666666666666 0.08 0.027666666666666666
0 0.43575 0.3665 0.0185 0.181
0 0.44075000000000003 0.6718333333333333 0.023 0.20299999999999999
0 0.645375 0.715 0.03775 0.4553333333333333
0 0.731125 0.5086666666666666 0.14725 0.058666666666666666
0 0.648 0.3408333333333333 0.0285 0.19433333333333333
0 0.73275 0.3253333333333333 0.1495 0.03933333333333333
0 0.660125 0.12033333333333333 0.03275 0.22599999999999998
0 0.254 0.0675 0.029500000000000002 0.12966666666666665
0 0.318 0.014499999999999999 0.28400000000000003 0.028999999999999998
0 0.312625 0.08033333333333333 0.017750000000000002 0.07733333333333334
0 0.39325 0.086 0.018000000000000002 0.08266666666666667
