3 0.376 0.4998333333333333 0.228 0.9996666666666666
3 0.599625 0.5011666666666666 0.19575 0.997
0 0.175375 0.1035 0.19425 0.037
0 0.16525 0.237 0.058 0.026666666666666665
0 0.179 0.4136666666666666 0.1975 0.034666666666666665
0 0.20325000000000001 0.5608333333333333 0.055 0.049666666666666665
0 0.167125 0.6565 0.22125 0.07366666666666666
0 0.151875 0.7813333333333333 0.03625 0.03333333333333333
0 0.2305 0.8136666666666666 0.043500000000000004 0.048666666666666664
0 0.150375 0.8953333333333333 0.01625 0.106
0 0.15575 0.9716666666666667 0.17 0.056
0 0.49262500000000004 0.7959999999999999 0.017750000000000002 0.22866666666666666
0 0.717 0.2645 0.0335 0.529
0 0.83725 0.012833333333333334 0.20700000000000002 0.025666666666666667
0 0.782 0.2583333333333333 0.042 0.44666666666666666
3 0.856375 0.16083333333333333 0.06375 0.221
0 0.792125 0.64 0.18825 0.043333333333333335
0 0.826625 0.704 0.02675 0.08933333333333333
3 0.781 0.8901666666666667 0.136 0.21166666666666667
0 0.17375000000000002 0.4603333333333333 0.022 0.056
0 0.181375 0.1455 0.01375 0.050333333333333334
3 0.8445 0.5438333333333333 0.0815 0.18166666666666667
