3 0.404875 0.3275 0.18625 0.655
3 0.671875 0.058499999999999996 0.05525 0.11699999999999999
3 0.61625 0.4063333333333333 0.1625 0.3993333333333333
0 0.1825 0.07516666666666666 0.0235 0.08033333333333333
0 0.2515 0.01983333333333333 0.0185 0.036333333333333336
0 0.254 0.1475 0.0405 0.17166666666666666
0 0.184375 0.27416666666666667 0.18425 0.04566666666666667
0 0.22975 0.3213333333333333 0.07200000000000001 0.04666666666666666
0 0.179 0.45666666666666667 0.0605 0.15333333333333332
0 0.192625 0.6649999999999999 0.17925 0.07333333333333333
0 0.179 0.8726666666666666 0.035 0.06
0 0.2465 0.8678333333333333 0.02 0.079
0 0.12625 0.9664999999999999 0.045 0.030333333333333334
0 0.1915 0.974 0.053 0.051333333333333335
0 0.256125 0.984 0.02375 0.03133333333333333
0 0.44875 0.6741666666666667 0.17200000000000001 0.034333333333333334
0 0.51475 0.30883333333333335 0.032 0.5569999999999999
0 0.564125 0.07883333333333332 0.02825 0.15766666666666665
0 0.8245 0.11666666666666667 0.184 0.022
0 0.73175 0.05233333333333333 0.025 0.10466666666666666
0 0.8053750000000001 0.05183333333333333 0.02225 0.09233333333333334
0 0.8608750000000001 0.05516666666666666 0.02825 0.11033333333333332
0 0.725375 0.2803333333333333 0.017750000000000002 0.23333333333333334
0 0.746 0.4938333333333333 0.061 0.191
0 0.733 0.6275 0.3915 0.061
0 0.7295 0.7461666666666666 0.0165 0.14366666666666666
0 0.724375 0.9126666666666666 0.02275 0.174
0 0.7857500000000001 0.8546666666666667 0.037 0.06
0 0.808625 0.9626666666666667 0.02875 0.074
0 0.7725 0.246 0.0685 0.09533333333333333
0 0.8545 0.204 0.0785 0.13666666666666666
0 0.857 0.33999999999999997 0.054 0.09866666666666667
3 0.866125 0.4963333333333333 0.09225 0.20866666666666667
3 0.40825 0.8405 0.187 0.3183333333333333
3 0.6265000000000001 0.828 0.1475 0.3433333333333333
0 0.62375 0.1625 0.178 0.08166666666666667
3 0.8638750000000001 0.8278333333333333 0.10225000000000001 0.3436666666666667
