2 0.178625 0.030333333333333334 0.14575 0.041999999999999996
3 0.333125 0.48183333333333334 0.21475 0.5696666666666667
3 0.49375 0.9056666666666666 0.033 0.188
2 0.75625 0.026666666666666665 0.1655 0.05333333333333333
2 0.7721250000000001 0.269 0.19625 0.04533333333333333
0 0.664375 0.49033333333333334 0.025750000000000002 0.3733333333333333
2 0.753 0.8175 0.21 0.075
2 0.787375 0.5841666666666666 0.08625000000000001 0.037
0 0.787625 0.6828333333333333 0.00575 0.04566666666666667
0 0.64625 0.9398333333333333 0.0285 0.11966666666666666
0 0.453 0.8041666666666666 0.04 0.018333333333333333
0 0.36612500000000003 0.06033333333333333 0.17775 0.03733333333333333
0 0.149875 0.16216666666666665 0.21525 0.031
0 0.264625 0.07533333333333334 0.01325 0.15066666666666667
0 0.179 0.2598333333333333 0.0135 0.07633333333333334
0 0.115125 0.31316666666666665 0.05425 0.059
0 0.151125 0.4988333333333333 0.14075000000000001 0.061
0 0.124625 0.5921666666666666 0.01925 0.03233333333333333
0 0.215375 0.964 0.02775 0.07133333333333333
0 0.083125 0.97 0.02125 0.05933333333333333
0 0.58175 0.9006666666666666 0.057 0.19799999999999998
0 0.547625 0.7828333333333333 0.18575 0.041666666666666664
3 0.55325 0.5225 0.17350000000000002 0.46166666666666667
0 0.573375 0.2811666666666667 0.19475 0.037
3 0.5775 0.127 0.158 0.254
0 0.316 0.7881666666666667 0.2255 0.03966666666666666
0 0.141875 0.8293333333333333 0.23575000000000002 0.03133333333333333
0 0.293125 0.9053333333333333 0.09375 0.18866666666666665
0 0.33037500000000003 0.17766666666666667 0.14575 0.042666666666666665
0 0.405625 0.12183333333333334 0.02375 0.08566666666666667
0 0.32675 0.11299999999999999 0.017 0.07066666666666667
0 0.33187500000000003 0.020999999999999998 0.01175 0.041999999999999996
0 0.115 0.6455 0.017 0.039
0 0.11275 0.7005 0.0095 0.019666666666666666
0 0.387375 0.9093333333333333 0.03725 0.18066666666666667
0 0.7711250000000001 0.7371666666666666 0.01325 0.048999999999999995
