3 0.392625 0.5035 0.20075 0.9923333333333333
3 0.6325000000000001 0.07516666666666666 0.219 0.15033333333333332
0 0.194375 0.13133333333333333 0.19125 0.06666666666666667
0 0.179375 0.33699999999999997 0.04725 0.051333333333333335
0 0.250125 0.33899999999999997 0.02275 0.06466666666666666
0 0.12975 0.4433333333333333 0.035 0.02
0 0.17975 0.49 0.045 0.12
0 0.2535 0.4666666666666667 0.027 0.024666666666666667
0 0.1875 0.635 0.2135 0.066
0 0.17300000000000001 0.7551666666666667 0.05 0.030333333333333334
0 0.2715 0.7969999999999999 0.033 0.038
0 0.183125 0.9303333333333333 0.21175 0.04466666666666667
0 0.510125 0.176 0.03275 0.028666666666666667
0 0.505375 0.3798333333333333 0.02775 0.020999999999999998
0 0.504 0.5116666666666666 0.022 0.09799999999999999
0 0.50875 0.5861666666666666 0.03 0.041
0 0.5055000000000001 0.8078333333333333 0.0265 0.38366666666666666
0 0.75775 0.057499999999999996 0.022 0.11499999999999999
0 0.8482500000000001 0.151 0.2015 0.08333333333333333
3 0.9 0.07016666666666667 0.08750000000000001 0.13566666666666666
0 0.744375 0.26316666666666666 0.01425 0.123
0 0.801875 0.3888333333333333 0.05075 0.081
0 0.835 0.537 0.20650000000000002 0.03333333333333333
0 0.812625 0.48566666666666664 0.02075 0.041999999999999996
0 0.806875 0.5971666666666666 0.01175 0.109
0 0.7691250000000001 0.7605 0.04025 0.01633333333333333
0 0.757375 0.9643333333333333 0.03625 0.04
0 0.814125 0.9863333333333333 0.043250000000000004 0.026666666666666665
3 0.860375 0.6845 0.06875 0.22366666666666665
0 0.913 0.7473333333333333 0.021500000000000002 0.36
3 0.885125 0.3715 0.08925 0.29766666666666663
0 0.794625 0.7483333333333333 0.012750000000000001 0.16799999999999998
0 0.78525 0.9168333333333333 0.016 0.16566666666666666
0 0.826375 0.9533333333333333 0.03125 0.022
0 0.180375 0.9753333333333333 0.010750000000000001 0.04733333333333333
3 0.626125 0.5791666666666666 0.19875 0.841
