0 0.20875 0.13016666666666665 0.2 0.043
3 0.406125 0.5006666666666667 0.20625000000000002 0.998
0 0.195125 0.377 0.03025 0.074
0 0.269 0.2623333333333333 0.029500000000000002 0.15333333333333332
0 0.254 0.4528333333333333 0.0155 0.18833333333333332
0 0.199875 0.5658333333333333 0.21975 0.04433333333333333
0 0.179 0.7503333333333333 0.082 0.158
0 0.192875 0.9475 0.21725 0.07233333333333333
0 0.24975 0.628 0.07200000000000001 0.03133333333333333
3 0.6451250000000001 0.499 0.21725 0.9753333333333333
0 0.860375 0.036166666666666666 0.20075 0.059
0 0.8145 0.30633333333333335 0.1285 0.04666666666666666
0 0.813625 0.39466666666666667 0.025750000000000002 0.07533333333333334
0 0.84025 0.4651666666666667 0.191 0.042333333333333334
0 0.87325 0.37766666666666665 0.0175 0.10066666666666667
0 0.75575 0.7506666666666666 0.047 0.03
3 0.868 0.855 0.081 0.20333333333333334
0 0.809875 0.9596666666666667 0.17925 0.05733333333333333
0 0.52225 0.8423333333333333 0.017 0.15133333333333332
0 0.5205 0.5633333333333334 0.025 0.04666666666666666
0 0.520375 0.3718333333333333 0.01925 0.3343333333333333
0 0.28475 0.8261666666666666 0.0365 0.119
0 0.286875 0.38966666666666666 0.04575 0.020666666666666667
3 0.846875 0.18033333333333332 0.14375000000000002 0.21466666666666667
3 0.8245 0.6076666666666667 0.1565 0.24
0 0.775875 0.7923333333333333 0.03925 0.021333333333333333
0 0.80325 0.7523333333333333 0.0105 0.04666666666666666
