3 0.39775 0.436 0.20450000000000002 0.872
3 0.62175 0.4175 0.163 0.8123333333333334
2 0.179 0.050666666666666665 0.1905 0.07333333333333333
0 0.25125000000000003 0.17916666666666667 0.035 0.14366666666666666
0 0.18375 0.30016666666666664 0.0205 0.06633333333333333
0 0.2465 0.378 0.019 0.17266666666666666
2 0.18625 0.495 0.17500000000000002 0.038
0 0.2455 0.5423333333333333 0.025 0.062
0 0.187125 0.6903333333333334 0.04825 0.14266666666666666
0 0.530125 0.4623333333333333 0.02275 0.02
0 0.531875 0.7413333333333333 0.02375 0.17066666666666666
0 0.5265 0.9013333333333333 0.0245 0.03333333333333333
0 0.73175 0.162 0.026000000000000002 0.324
0 0.80075 0.186 0.115 0.029333333333333333
0 0.8346250000000001 0.3423333333333333 0.21075 0.04466666666666667
0 0.767375 0.4713333333333333 0.08025 0.096
0 0.8645 0.4245 0.053 0.12433333333333332
0 0.85075 0.5545 0.0415 0.079
0 0.7295 0.7168333333333333 0.0335 0.20966666666666667
0 0.83325 0.8521666666666666 0.20500000000000002 0.059666666666666666
3 0.8728750000000001 0.7306666666666667 0.08825 0.19533333333333333
0 0.81 0.648 0.021500000000000002 0.062
0 0.410875 0.8935 0.18675 0.041666666666666664
0 0.200625 0.8926666666666666 0.20525000000000002 0.054
0 0.3745 0.9453333333333332 0.0235 0.10866666666666666
0 0.472875 0.9556666666666667 0.02125 0.088
0 0.63175 0.856 0.191 0.05466666666666666
3 0.638125 0.9386666666666666 0.13675 0.122
3 0.8678750000000001 0.9421666666666666 0.10075 0.11499999999999999
0 0.73275 0.9515 0.0165 0.09633333333333333
0 0.8065 0.2815 0.0095 0.09233333333333334
0 0.31 0.9398333333333333 0.0165 0.11966666666666666
0 0.27525 0.30766666666666664 0.042 0.015333333333333332
3 0.82425 0.08833333333333333 0.1515 0.16933333333333334
0 0.763125 0.641 0.04825 0.024
3 0.8735 0.25016666666666665 0.048 0.14766666666666667
0 0.80775 0.3905 0.0155 0.061
