3 0.338375 0.3625 0.19275 0.725
3 0.57825 0.15066666666666667 0.182 0.2846666666666667
0 0.136375 0.041 0.04525 0.056666666666666664
0 0.173125 0.12783333333333333 0.02825 0.07766666666666666
3 0.13375 0.45666666666666667 0.0985 0.17933333333333332
0 0.1585 0.5878333333333333 0.129 0.033666666666666664
0 0.15775 0.817 0.011 0.05333333333333333
0 0.448375 0.8121666666666666 0.05775 0.053
0 0.464 0.27699999999999997 0.032 0.38266666666666665
0 0.6890000000000001 0.31516666666666665 0.043500000000000004 0.4323333333333333
0 0.7915 0.33899999999999997 0.1605 0.06
0 0.74175 0.5788333333333333 0.1505 0.07033333333333333
0 0.76225 0.8221666666666666 0.1985 0.06566666666666666
0 0.7665000000000001 0.07383333333333333 0.17450000000000002 0.047
0 0.8250000000000001 0.22316666666666665 0.0615 0.05433333333333333
0 0.1505 0.22116666666666665 0.197 0.03166666666666666
3 0.334125 0.8708333333333333 0.16075 0.25766666666666665
0 0.138125 0.7225 0.21325 0.023
0 0.226125 0.8903333333333333 0.02425 0.21866666666666665
3 0.5655 0.436 0.152 0.23333333333333334
3 0.5513750000000001 0.7038333333333333 0.13975 0.23966666666666667
3 0.563125 0.9311666666666666 0.15275 0.13699999999999998
0 0.557 0.8343333333333333 0.203 0.048
0 0.6575 0.9216666666666666 0.021500000000000002 0.156
0 0.57125 0.30633333333333335 0.1915 0.024666666666666667
0 0.30625 0.7331666666666666 0.1155 0.024999999999999998
0 0.2235 0.5023333333333333 0.069 0.032
0 0.19425 0.06683333333333333 0.048 0.06433333333333333
0 0.566375 0.5661666666666666 0.18675 0.03166666666666666
