3 0.39187500000000003 0.5616666666666666 0.21425 0.876
3 0.61575 0.5575 0.188 0.879
3 0.39075 0.042333333333333334 0.192 0.07933333333333333
0 0.50225 0.10983333333333332 0.067 0.027666666666666666
0 0.851125 0.0885 0.21575 0.03766666666666667
0 0.753625 0.024166666666666666 0.01875 0.04833333333333333
0 0.876 0.0325 0.014 0.065
0 0.87975 0.19783333333333333 0.025 0.08766666666666667
0 0.784625 0.20666666666666667 0.05075 0.026666666666666665
0 0.735 0.25033333333333335 0.0185 0.17333333333333334
0 0.839 0.37266666666666665 0.2295 0.050666666666666665
0 0.869375 0.2985 0.043250000000000004 0.09766666666666667
0 0.930125 0.29033333333333333 0.035750000000000004 0.046
0 0.735375 0.5915 0.02925 0.36833333333333335
0 0.8315 0.7959999999999999 0.2085 0.041999999999999996
0 0.239375 0.8484999999999999 0.04425 0.2836666666666667
0 0.14925 0.9181666666666667 0.14100000000000001 0.04433333333333333
0 0.184 0.7241666666666666 0.022 0.081
0 0.257625 0.6093333333333333 0.03925 0.156
0 0.18762500000000001 0.4731666666666666 0.18925 0.056999999999999995
0 0.172625 0.33316666666666667 0.02275 0.020999999999999998
0 0.17225000000000001 0.4041666666666667 0.02 0.03166666666666666
0 0.264125 0.3441666666666667 0.04425 0.021666666666666667
0 0.637625 0.09999999999999999 0.19425 0.02333333333333333
0 0.201125 0.035333333333333335 0.18625 0.044
3 0.834875 0.5916666666666667 0.15575 0.374
3 0.817375 0.9083333333333333 0.18025 0.18266666666666667
0 0.5916250000000001 0.04783333333333333 0.04675 0.093
0 0.685625 0.04766666666666666 0.02125 0.09133333333333334
