3 0.385875 0.4485 0.20425000000000001 0.8876666666666666
3 0.629625 0.504 0.16975 0.9913333333333333
0 0.18975 0.3441666666666667 0.17500000000000002 0.043
0 0.207625 0.41933333333333334 0.02775 0.03733333333333333
0 0.18825 0.528 0.032 0.142
0 0.186125 0.6988333333333333 0.05775 0.16566666666666666
0 0.251625 0.615 0.06175 0.06866666666666667
0 0.273125 0.5176666666666666 0.01725 0.05333333333333333
0 0.249 0.6878333333333333 0.0535 0.039
0 0.242875 0.7741666666666667 0.025750000000000002 0.065
0 0.20175 0.9033333333333333 0.1975 0.020666666666666667
0 0.17550000000000002 0.9773333333333333 0.043500000000000004 0.04466666666666667
0 0.400625 0.9068333333333333 0.17875 0.023666666666666666
0 0.355625 0.972 0.017750000000000002 0.05533333333333333
0 0.306875 0.9751666666666666 0.017750000000000002 0.04566666666666667
0 0.463625 0.9806666666666667 0.02725 0.038
0 0.50775 0.9664999999999999 0.043000000000000003 0.06633333333333333
0 0.517625 0.6956666666666667 0.02925 0.46199999999999997
0 0.517875 0.41883333333333334 0.04575 0.034333333333333334
0 0.510125 0.09266666666666666 0.02725 0.16866666666666666
0 0.52625 0.30266666666666664 0.025 0.15066666666666667
0 0.81575 0.11683333333333333 0.1665 0.028999999999999998
0 0.855625 0.23049999999999998 0.06225 0.095
0 0.8133750000000001 0.34049999999999997 0.14775 0.04633333333333333
0 0.850125 0.44516666666666665 0.03725 0.123
0 0.82625 0.5705 0.17300000000000001 0.07633333333333334
0 0.8356250000000001 0.7778333333333333 0.03975 0.059666666666666666
0 0.809125 0.8256666666666667 0.13825 0.05533333333333333
0 0.84125 0.887 0.0165 0.06
0 0.7811250000000001 0.9339999999999999 0.02375 0.13133333333333333
0 0.8366250000000001 0.9625 0.04475 0.07433333333333333
0 0.7285 0.6776666666666666 0.0195 0.24533333333333332
0 0.7348750000000001 0.48116666666666663 0.01425 0.10233333333333333
0 0.729375 0.35733333333333334 0.02125 0.12666666666666665
0 0.742625 0.07616666666666666 0.00425 0.028333333333333332
0 0.74975 0.015666666666666666 0.0175 0.03133333333333333
0 0.722875 0.9045 0.01375 0.179
0 0.8405 0.29916666666666664 0.019 0.041
