0 0.14975 0.407 0.1865 0.03133333333333333
0 0.154 0.087 0.0235 0.07733333333333334
0 0.129625 0.22649999999999998 0.03075 0.15633333333333332
0 0.160875 0.6918333333333333 0.05575 0.039
0 0.224625 0.8336666666666667 0.14925 0.03133333333333333
0 0.93925 0.26416666666666666 0.11850000000000001 0.033666666666666664
0 0.983875 0.41983333333333334 0.03175 0.13166666666666665
0 0.9570000000000001 0.5398333333333333 0.0855 0.030333333333333334
0 0.971 0.7908333333333333 0.0575 0.03166666666666666
3 0.469375 0.23216666666666666 0.13125 0.423
3 0.5055000000000001 0.7526666666666666 0.215 0.494
3 0.600125 0.2063333333333333 0.11575 0.39399999999999996
3 0.6823750000000001 0.7311666666666666 0.14125000000000001 0.537
0 0.366875 0.0255 0.06375 0.023
0 0.37075 0.14516666666666667 0.097 0.018333333333333333
0 0.39237500000000003 0.265 0.07625 0.022666666666666665
0 0.379375 0.37466666666666665 0.03725 0.13999999999999999
0 0.45387500000000003 0.45966666666666667 0.19775 0.03866666666666667
0 0.619125 0.41983333333333334 0.09575 0.027
0 0.74575 0.5906666666666667 0.112 0.03266666666666666
0 0.762875 0.7095 0.10925 0.04033333333333333
0 0.788 0.8016666666666666 0.0315 0.024666666666666667
0 0.784125 0.8684999999999999 0.10225000000000001 0.049666666666666665
0 0.81075 0.9406666666666667 0.02 0.06333333333333332
0 0.7055 0.10983333333333332 0.1065 0.041
0 0.6930000000000001 0.1795 0.06 0.05233333333333333
0 0.683 0.024166666666666666 0.05 0.039
0 0.961875 0.20366666666666666 0.017750000000000002 0.05733333333333333
0 0.112875 0.8648333333333333 0.02225 0.007666666666666666
0 0.72375 0.425 0.0995 0.022
0 0.712875 0.3123333333333333 0.09475 0.046
