3 0.384625 0.35333333333333333 0.20925 0.6933333333333334
3 0.655625 0.1758333333333333 0.21975 0.33299999999999996
3 0.64125 0.8378333333333333 0.225 0.32366666666666666
0 0.19075 0.037 0.18 0.05333333333333333
0 0.2315 0.25 0.025500000000000002 0.08666666666666667
0 0.21375 0.3443333333333333 0.0285 0.08133333333333333
0 0.18862500000000001 0.42516666666666664 0.16425 0.04766666666666666
0 0.17500000000000002 0.7208333333333333 0.0385 0.034333333333333334
0 0.296125 0.7428333333333333 0.10375000000000001 0.037
0 0.167875 0.7985 0.01575 0.023666666666666666
0 0.22237500000000002 0.8636666666666666 0.25625 0.06066666666666667
0 0.305875 0.7969999999999999 0.03425 0.06066666666666667
0 0.25325000000000003 0.9603333333333333 0.0235 0.062
0 0.30362500000000003 0.9603333333333333 0.02425 0.06933333333333333
0 0.468 0.8534999999999999 0.04 0.29233333333333333
0 0.51 0.5046666666666666 0.05 0.028666666666666667
0 0.518 0.03983333333333333 0.0415 0.030333333333333334
0 0.53075 0.3565 0.017 0.18566666666666667
0 0.5665 0.5085 0.03 0.3123333333333333
0 0.741125 0.412 0.02725 0.12533333333333332
0 0.8290000000000001 0.48366666666666663 0.2465 0.044
0 0.799 0.11699999999999999 0.064 0.06066666666666667
0 0.84475 0.056666666666666664 0.1945 0.04933333333333333
0 0.868125 0.3025 0.06825 0.31966666666666665
0 0.807125 0.33549999999999996 0.02425 0.06766666666666667
0 0.772625 0.599 0.05075 0.05333333333333333
0 0.726875 0.5883333333333333 0.03625 0.16
0 0.865375 0.5951666666666666 0.02925 0.12966666666666665
0 0.869375 0.708 0.01725 0.07333333333333333
0 0.794375 0.7635 0.12225 0.031
0 0.90425 0.7603333333333333 0.0535 0.022
0 0.770375 0.8836666666666666 0.01925 0.028666666666666667
0 0.799625 0.9303333333333333 0.06925 0.04733333333333333
0 0.816875 0.8303333333333333 0.02225 0.08
