0 0.11 0.3265 0.1815 0.041666666666666664
0 0.08712500000000001 0.855 0.16575 0.038
3 0.45925 0.535 0.11 0.9293333333333333
3 0.599875 0.5001666666666666 0.13425 0.997
0 0.35962500000000003 0.021833333333333333 0.02325 0.043666666666666666
0 0.37525000000000003 0.0625 0.107 0.026333333333333334
0 0.37275 0.177 0.093 0.18733333333333332
0 0.36075 0.2828333333333333 0.0945 0.020999999999999998
0 0.34725 0.347 0.0185 0.09999999999999999
0 0.357375 0.43133333333333335 0.10975 0.028
0 0.335125 0.5273333333333333 0.03175 0.15933333333333333
0 0.350875 0.6611666666666667 0.10475 0.023666666666666666
0 0.37075 0.7093333333333333 0.021500000000000002 0.05333333333333333
0 0.336125 0.8293333333333333 0.05075 0.124
0 0.378625 0.8226666666666667 0.03125 0.012666666666666666
0 0.352875 0.9149999999999999 0.01725 0.04
0 0.68475 0.05466666666666666 0.0165 0.102
0 0.719375 0.10983333333333332 0.025750000000000002 0.05633333333333333
0 0.682625 0.155 0.01225 0.08
0 0.7225 0.23083333333333333 0.095 0.03166666666666666
0 0.723625 0.296 0.01725 0.05533333333333333
0 0.712 0.4666666666666667 0.096 0.024
0 0.7025 0.5085 0.0135 0.043666666666666666
0 0.6955 0.566 0.0165 0.03133333333333333
0 0.71175 0.6865 0.0945 0.022333333333333334
0 0.697875 0.7936666666666666 0.02275 0.106
0 0.69625 0.9876666666666666 0.0545 0.024
0 0.9383750000000001 0.8433333333333333 0.12275 0.043333333333333335
0 0.973125 0.9481666666666666 0.014750000000000001 0.095
0 0.936 0.034499999999999996 0.10350000000000001 0.047
0 0.39525 0.9165 0.014 0.163
0 0.481375 0.04883333333333333 0.09475 0.037
