3 0.38325000000000004 0.23116666666666666 0.209 0.44366666666666665
3 0.380875 0.7873333333333333 0.18575 0.42466666666666664
3 0.624 0.292 0.165 0.584
0 0.18762500000000001 0.09516666666666666 0.04075 0.15433333333333332
0 0.172125 0.21366666666666667 0.02425 0.04066666666666666
0 0.210125 0.27216666666666667 0.03275 0.15633333333333332
0 0.254375 0.18616666666666665 0.04725 0.06766666666666667
0 0.262375 0.2593333333333333 0.06875 0.028666666666666667
0 0.24475 0.35 0.016 0.06999999999999999
0 0.295125 0.47816666666666663 0.38075000000000003 0.04033333333333333
0 0.527875 0.24416666666666667 0.02425 0.40099999999999997
0 0.5135 0.565 0.034 0.09066666666666666
0 0.518375 0.8506666666666667 0.01925 0.298
0 0.494375 0.748 0.035750000000000004 0.029333333333333333
0 0.174125 0.5593333333333333 0.03825 0.048666666666666664
0 0.22275 0.7103333333333333 0.123 0.036
0 0.233625 0.9864999999999999 0.08725000000000001 0.026333333333333334
0 0.8290000000000001 0.6488333333333333 0.1965 0.071
0 0.757375 0.7683333333333333 0.021750000000000002 0.016
0 0.83325 0.7626666666666666 0.0145 0.02333333333333333
0 0.7995 0.8218333333333333 0.0095 0.065
0 0.756375 0.9375 0.025750000000000002 0.016999999999999998
0 0.767875 0.9856666666666666 0.05375 0.015333333333333332
0 0.82575 0.9565 0.045 0.08633333333333333
0 0.8502500000000001 0.021833333333333333 0.0165 0.043666666666666666
0 0.84125 0.13116666666666665 0.17500000000000002 0.055
0 0.84475 0.3463333333333333 0.0365 0.051333333333333335
0 0.820125 0.39066666666666666 0.13725 0.03333333333333333
0 0.8476250000000001 0.4493333333333333 0.017750000000000002 0.044
0 0.797875 0.4513333333333333 0.01725 0.06866666666666667
0 0.77975 0.5336666666666666 0.025 0.06
0 0.852125 0.5485 0.04425 0.141
0 0.36262500000000003 0.5446666666666666 0.01925 0.051333333333333335
3 0.6138750000000001 0.8038333333333333 0.14025 0.39166666666666666
0 0.730375 0.7959999999999999 0.03175 0.3506666666666667
0 0.62475 0.5943333333333333 0.1835 0.028666666666666667
0 0.741 0.05233333333333333 0.017 0.10466666666666666
0 0.738375 0.23416666666666666 0.02125 0.22833333333333333
0 0.731 0.4761666666666666 0.017 0.21966666666666665
0 0.8482500000000001 0.06433333333333333 0.0185 0.03666666666666667
0 0.85375 0.7898333333333333 0.0095 0.037
0 0.168125 0.6408333333333334 0.02025 0.08366666666666667
