3 0.386125 0.5041666666666667 0.21225 0.9896666666666666
3 0.63025 0.4998333333333333 0.178 0.9996666666666666
0 0.22012500000000002 0.02033333333333333 0.10575 0.03933333333333333
0 0.232125 0.309 0.09225 0.028666666666666667
0 0.214 0.42366666666666664 0.029500000000000002 0.078
0 0.189 0.567 0.185 0.066
0 0.214 0.6608333333333333 0.0235 0.059
0 0.22575 0.7795 0.0185 0.05233333333333333
0 0.215125 0.8713333333333333 0.02725 0.078
0 0.19112500000000002 0.9478333333333333 0.17375000000000002 0.033
0 0.532875 0.18166666666666667 0.02725 0.30666666666666664
0 0.519375 0.4865 0.03875 0.20366666666666666
0 0.753625 0.14316666666666666 0.02425 0.27499999999999997
0 0.791875 0.30283333333333334 0.06625 0.013666666666666666
0 0.824375 0.14183333333333334 0.01425 0.061
0 0.878 0.10033333333333333 0.0385 0.062
0 0.874625 0.303 0.07625 0.09733333333333333
0 0.779 0.4073333333333333 0.0795 0.020666666666666667
0 0.802875 0.5113333333333333 0.02425 0.082
0 0.84025 0.5843333333333333 0.2085 0.048666666666666664
0 0.7845 0.6506666666666666 0.059000000000000004 0.056
0 0.873375 0.746 0.03075 0.144
0 0.8582500000000001 0.9008333333333333 0.058 0.143
0 0.777375 0.8644999999999999 0.05375 0.08033333333333333
0 0.779 0.986 0.07050000000000001 0.02733333333333333
0 0.8200000000000001 0.727 0.0155 0.06533333333333333
0 0.733 0.7928333333333333 0.0275 0.365
