3 0.435875 0.29783333333333334 0.12575 0.581
3 0.5730000000000001 0.3253333333333333 0.1115 0.6393333333333333
0 0.294875 0.049499999999999995 0.02725 0.09899999999999999
0 0.311125 0.1655 0.12025 0.03166666666666666
0 0.33425 0.209 0.02 0.035333333333333335
0 0.291 0.36216666666666664 0.052000000000000005 0.09833333333333333
0 0.320125 0.45499999999999996 0.00875 0.04
0 0.300875 0.5638333333333333 0.11025 0.04566666666666667
0 0.28825 0.6431666666666667 0.0335 0.09633333333333333
0 0.328625 0.6388333333333334 0.02275 0.07433333333333333
0 0.303375 0.7206666666666667 0.09525 0.04133333333333333
0 0.287625 0.7598333333333334 0.03775 0.041666666666666664
0 0.284875 0.8931666666666667 0.10675 0.043666666666666666
0 0.283625 0.9588333333333333 0.03275 0.08166666666666667
0 0.699375 0.041 0.01425 0.04
0 0.721875 0.012333333333333333 0.01375 0.024666666666666667
0 0.7085 0.192 0.1395 0.036
0 0.712125 0.2836666666666667 0.01325 0.04466666666666667
0 0.6873750000000001 0.34883333333333333 0.08825 0.024999999999999998
0 0.686125 0.5291666666666667 0.09875 0.03233333333333333
0 0.726875 0.6041666666666666 0.03075 0.11166666666666666
0 0.70125 0.6863333333333334 0.135 0.018
0 0.6743750000000001 0.7693333333333333 0.00725 0.05733333333333333
0 0.7155 0.9595 0.0095 0.04766666666666666
0 0.661875 0.822 0.04575 0.017333333333333333
0 0.9545 0.361 0.0905 0.035333333333333335
0 0.05275 0.6693333333333333 0.1055 0.021333333333333333
0 0.044875 0.966 0.08375 0.035333333333333335
3 0.421875 0.8063333333333333 0.12225 0.38666666666666666
3 0.566625 0.8418333333333333 0.09475 0.31566666666666665
0 0.42475 0.6013333333333333 0.14200000000000002 0.020666666666666667
0 0.355375 0.8141666666666666 0.01375 0.36366666666666664
0 0.36625 0.46549999999999997 0.0175 0.20833333333333331
0 0.34875 0.2821666666666667 0.044 0.013666666666666666
0 0.34400000000000003 0.3466666666666667 0.0325 0.008
0 0.568375 0.6721666666666667 0.12075 0.03766666666666667
0 0.62475 0.9085 0.023 0.181
0 0.659875 0.8721666666666666 0.04625 0.048999999999999995
0 0.700625 0.9051666666666667 0.010750000000000001 0.05233333333333333
0 0.69875 0.8488333333333333 0.01 0.043
0 0.69625 0.8123333333333334 0.0075 0.02
0 0.638875 0.5016666666666667 0.014750000000000001 0.27466666666666667
0 0.651875 0.08466666666666667 0.02825 0.16799999999999998
0 0.347625 0.12366666666666666 0.03675 0.024666666666666667
