0 0.098625 0.014166666666666666 0.15875 0.028333333333333332
0 0.09275 0.38716666666666666 0.1595 0.027
0 0.0965 0.7313333333333333 0.14150000000000001 0.038
0 0.877125 0.039 0.04575 0.06666666666666667
0 0.844125 0.17716666666666667 0.07975 0.025666666666666667
0 0.94925 0.13083333333333333 0.02 0.037
0 0.8406250000000001 0.3445 0.09025 0.07366666666666666
0 0.884375 0.48083333333333333 0.02125 0.19433333333333333
0 0.889625 0.6503333333333333 0.16925 0.041999999999999996
0 0.886875 0.7565 0.02225 0.17233333333333334
0 0.890125 0.9378333333333333 0.025750000000000002 0.12366666666666666
0 0.942125 0.968 0.07575 0.024
3 0.538625 0.19616666666666666 0.08475 0.3923333333333333
0 0.33575 0.0445 0.084 0.026333333333333334
0 0.325 0.23349999999999999 0.0685 0.034333333333333334
0 0.329125 0.40349999999999997 0.09825 0.023
0 0.328 0.5295 0.078 0.035666666666666666
0 0.736375 0.15466666666666667 0.09825 0.032
0 0.6465 0.078 0.0385 0.14866666666666667
0 0.649375 0.19133333333333333 0.04725 0.05733333333333333
0 0.6465 0.3155 0.0385 0.10766666666666666
2 0.5925 0.39916666666666667 0.191 0.023666666666666666
0 0.6531250000000001 0.48033333333333333 0.05225 0.09999999999999999
0 0.617 0.5618333333333333 0.064 0.027666666666666666
0 0.64325 0.659 0.018000000000000002 0.06666666666666667
0 0.638875 0.742 0.09675 0.024
0 0.62725 0.8693333333333333 0.07 0.030666666666666665
0 0.325875 0.6573333333333333 0.09725 0.019333333333333334
0 0.326375 0.9279999999999999 0.09425 0.04066666666666666
3 0.424 0.5025 0.0945 0.993
3 0.5337500000000001 0.8744999999999999 0.0825 0.25033333333333335
0 0.518 0.5456666666666666 0.125 0.033999999999999996
0 0.5875 0.4736666666666666 0.01 0.13533333333333333
0 0.556625 0.4658333333333333 0.03675 0.11966666666666666
0 0.51275 0.4715 0.034 0.11566666666666667
0 0.5583750000000001 0.6765 0.03675 0.15366666666666667
0 0.584875 0.8503333333333333 0.01425 0.178
0 0.663375 0.5825 0.03925 0.015
0 0.37 0.8119999999999999 0.025 0.19866666666666666
0 0.783875 0.14383333333333334 0.01225 0.2836666666666667
