0 0.233625 0.13033333333333333 0.10575 0.04933333333333333
2 0.193 0.5561666666666667 0.1715 0.030333333333333334
0 0.226125 0.7226666666666667 0.03225 0.09333333333333332
0 0.207375 0.8785 0.021750000000000002 0.129
0 0.947875 0.075 0.03275 0.13333333333333333
0 0.9255 0.16933333333333334 0.123 0.03333333333333333
0 0.934625 0.388 0.12925 0.03333333333333333
0 0.9440000000000001 0.49666666666666665 0.0195 0.15333333333333332
0 0.9605 0.6455 0.074 0.031
0 0.9500000000000001 0.7523333333333333 0.0185 0.14866666666666667
0 0.934125 0.877 0.12975 0.04933333333333333
0 0.95075 0.9349999999999999 0.0185 0.06666666666666667
0 0.62875 0.5016666666666667 0.0905 0.996
0 0.419375 0.050333333333333334 0.06425 0.03266666666666666
0 0.4175 0.2603333333333333 0.075 0.03733333333333333
0 0.420375 0.4021666666666667 0.07925 0.037
0 0.41400000000000003 0.5188333333333334 0.032 0.143
0 0.425 0.6741666666666667 0.084 0.027
0 0.41050000000000003 0.7545 0.014 0.10033333333333333
0 0.42262500000000003 0.8303333333333333 0.05225 0.04
0 0.418875 0.9693333333333333 0.09075 0.022666666666666665
0 0.723 0.07183333333333333 0.0915 0.027
0 0.720375 0.20016666666666666 0.08175 0.022333333333333334
0 0.727125 0.29466666666666663 0.01575 0.16266666666666665
0 0.762875 0.29183333333333333 0.01575 0.159
0 0.717875 0.4078333333333333 0.08875 0.01633333333333333
0 0.7252500000000001 0.6818333333333333 0.091 0.024333333333333332
0 0.729 0.727 0.022 0.06
0 0.720125 0.8136666666666666 0.04975 0.08666666666666667
0 0.724625 0.8893333333333333 0.09375 0.020666666666666667
2 0.824875 0.8163333333333334 0.07075000000000001 0.012
3 0.525375 0.4995 0.08025 0.999
0 0.483 0.04 0.016 0.07666666666666666
0 0.479625 0.2975 0.01225 0.18433333333333332
0 0.476125 0.6234999999999999 0.012750000000000001 0.19433333333333333
0 0.472875 0.9296666666666666 0.01175 0.13999999999999999
3 0.725625 0.5506666666666666 0.08075 0.23266666666666666
2 0.701875 0.005166666666666667 0.05275 0.010333333333333333
