3 0.642875 0.49816666666666665 0.15475 0.9963333333333333
0 0.1635 0.22083333333333333 0.17 0.043666666666666666
0 0.18925 0.7128333333333333 0.18 0.039
0 0.229 0.938 0.021 0.122
0 0.94775 0.597 0.10400000000000001 0.024
0 0.9565 0.755 0.051500000000000004 0.051333333333333335
0 0.9575 0.9189999999999999 0.083 0.016666666666666666
0 0.952625 0.42033333333333334 0.03075 0.11133333333333333
0 0.41475 0.2675 0.0465 0.03833333333333333
0 0.405 0.03166666666666666 0.05 0.06
0 0.42362500000000003 0.48816666666666664 0.10575 0.016999999999999998
0 0.40875 0.6023333333333333 0.03 0.02
0 0.422375 0.7718333333333333 0.08425 0.019
0 0.457 0.8955 0.101 0.034999999999999996
0 0.7575000000000001 0.7723333333333333 0.085 0.021333333333333333
0 0.749125 0.8461666666666666 0.06275 0.011666666666666665
0 0.7715 0.9106666666666666 0.0455 0.09999999999999999
0 0.753625 0.6118333333333333 0.04425 0.050333333333333334
0 0.730125 0.1485 0.01025 0.036333333333333336
0 0.74725 0.367 0.02 0.03933333333333333
0 0.918625 0.06133333333333333 0.02125 0.08466666666666667
0 0.95325 0.17366666666666666 0.025 0.07333333333333333
0 0.9405 0.28983333333333333 0.0465 0.075
3 0.5251250000000001 0.5013333333333333 0.11375 0.9966666666666666
0 0.45375 0.043166666666666666 0.035 0.08299999999999999
0 0.4635 0.2815 0.011 0.11966666666666666
0 0.746375 0.436 0.07225 0.022
0 0.74575 0.5186666666666666 0.0085 0.08733333333333333
0 0.731125 0.23216666666666666 0.01125 0.036333333333333336
0 0.7495 0.18633333333333332 0.025500000000000002 0.011333333333333332
