0 0.047125 0.6833333333333333 0.09425 0.294
0 0.212875 0.6689999999999999 0.18425 0.048666666666666664
0 0.17500000000000002 0.2965 0.1215 0.04833333333333333
0 0.878625 0.019333333333333334 0.16425 0.035333333333333335
0 0.899375 0.11666666666666667 0.02275 0.13999999999999999
0 0.934625 0.3318333333333333 0.03925 0.18566666666666667
0 0.9772500000000001 0.29266666666666663 0.0415 0.03133333333333333
0 0.93775 0.4933333333333333 0.124 0.04666666666666666
0 0.963875 0.6575 0.07175000000000001 0.029666666666666664
0 0.974125 0.9026666666666666 0.051250000000000004 0.02
3 0.47325 0.19183333333333333 0.1335 0.37033333333333335
3 0.605375 0.35783333333333334 0.11075 0.32766666666666666
3 0.5145 0.4865 0.1295 0.22766666666666666
0 0.366875 0.05416666666666666 0.08375 0.03833333333333333
0 0.36212500000000003 0.16749999999999998 0.08575 0.036333333333333336
0 0.406875 0.4095 0.05625 0.020999999999999998
0 0.41075 0.5003333333333333 0.033 0.04466666666666667
0 0.444625 0.6873333333333334 0.09725 0.035333333333333335
0 0.47000000000000003 0.8508333333333333 0.0315 0.081
0 0.77575 0.7211666666666666 0.0185 0.041
0 0.799 0.7775 0.018000000000000002 0.043
0 0.780375 0.8323333333333333 0.03075 0.049999999999999996
0 0.6657500000000001 0.10833333333333332 0.023 0.09133333333333334
0 0.591875 0.14033333333333334 0.03925 0.12466666666666666
0 0.6205 0.015666666666666666 0.1565 0.03133333333333333
3 0.688875 0.8021666666666667 0.14675 0.39499999999999996
3 0.576375 0.833 0.11125 0.3333333333333333
0 0.547875 0.6353333333333333 0.08625000000000001 0.056
0 0.6905 0.5708333333333333 0.1905 0.036333333333333336
0 0.68275 0.2783333333333333 0.074 0.04066666666666666
0 0.6745 0.16866666666666666 0.082 0.03733333333333333
0 0.795625 0.8821666666666667 0.01325 0.042333333333333334
0 0.8075 0.9161666666666667 0.0285 0.029666666666666664
0 0.7995 0.9706666666666667 0.059500000000000004 0.057999999999999996
