0 0.174375 0.033666666666666664 0.18425 0.02733333333333333
0 0.185 0.35416666666666663 0.1815 0.041666666666666664
0 0.20525000000000002 0.6068333333333333 0.1595 0.041
0 0.9413750000000001 0.3778333333333333 0.11675 0.020999999999999998
3 0.647625 0.5216666666666666 0.15375 0.956
0 0.400375 0.0875 0.07775 0.024999999999999998
0 0.412875 0.19699999999999998 0.05425 0.18466666666666667
0 0.420125 0.41616666666666663 0.03275 0.059
0 0.42712500000000003 0.6769999999999999 0.03425 0.18466666666666667
0 0.44975 0.8966666666666666 0.108 0.032
0 0.769 0.84 0.091 0.03133333333333333
0 0.775875 0.9393333333333334 0.02425 0.12066666666666666
0 0.764 0.6136666666666667 0.048 0.10933333333333332
0 0.782625 0.7413333333333333 0.01925 0.096
0 0.969 0.5926666666666667 0.0395 0.08266666666666667
0 0.97975 0.697 0.038 0.051333333333333335
0 0.98675 0.8146666666666667 0.026000000000000002 0.11533333333333333
3 0.538375 0.4998333333333333 0.12025 0.9996666666666666
0 0.45825 0.034499999999999996 0.0165 0.06899999999999999
0 0.4655 0.11699999999999999 0.014 0.06866666666666667
0 0.471375 0.37366666666666665 0.01925 0.17533333333333334
0 0.6635 0.012666666666666666 0.1915 0.017333333333333333
0 0.746375 0.32116666666666666 0.05425 0.29633333333333334
