0 0.139375 0.04516666666666667 0.11725000000000001 0.050333333333333334
0 0.115625 0.21516666666666667 0.17825 0.023
0 0.10675 0.5963333333333333 0.178 0.024
0 0.110125 0.941 0.15225 0.03666666666666667
0 0.894375 0.0875 0.02725 0.103
0 0.87775 0.1605 0.0925 0.028999999999999998
0 0.8865000000000001 0.23266666666666666 0.0245 0.11333333333333333
0 0.87125 0.38466666666666666 0.081 0.024666666666666667
0 0.9265 0.357 0.03 0.019333333333333334
0 0.86725 0.5293333333333333 0.09 0.044
0 0.89325 0.6513333333333333 0.048 0.17133333333333334
0 0.90275 0.8613333333333333 0.194 0.04466666666666667
0 0.903875 0.9406666666666667 0.00725 0.118
0 0.75825 0.356 0.08 0.028666666666666667
3 0.565625 0.29916666666666664 0.09925 0.595
0 0.355875 0.017499999999999998 0.09675 0.013666666666666666
0 0.3585 0.24016666666666667 0.097 0.034999999999999996
0 0.344375 0.376 0.02125 0.024666666666666667
0 0.34225 0.44116666666666665 0.0935 0.03766666666666667
0 0.351125 0.6123333333333333 0.10225000000000001 0.025333333333333333
0 0.354875 0.7398333333333333 0.07875 0.030333333333333334
0 0.345875 0.868 0.10425 0.019333333333333334
0 0.648625 0.07683333333333334 0.06875 0.043666666666666666
0 0.65425 0.13166666666666665 0.078 0.026
0 0.6675 0.2628333333333333 0.035 0.23233333333333334
0 0.627 0.4073333333333333 0.026000000000000002 0.008
0 0.62775 0.24216666666666667 0.017 0.01633333333333333
0 0.667875 0.5036666666666666 0.03025 0.144
2 0.607375 0.6111666666666666 0.19375 0.019
0 0.673625 0.6926666666666667 0.05725 0.102
0 0.647875 0.7741666666666667 0.06825 0.027
0 0.668 0.8741666666666666 0.021500000000000002 0.08766666666666667
0 0.6065 0.9744999999999999 0.1965 0.050333333333333334
3 0.45775 0.501 0.093 0.9973333333333333
0 0.6075 0.6953333333333334 0.0115 0.16333333333333333
0 0.97075 0.3403333333333333 0.0235 0.01
3 0.562625 0.69 0.07925 0.13333333333333333
0 0.575875 0.874 0.02725 0.18666666666666665
0 0.635625 0.264 0.03625 0.019333333333333334
0 0.552 0.7646666666666666 0.091 0.024666666666666667
0 0.6833750000000001 0.7906666666666666 0.03675 0.014
0 0.8065 0.2563333333333333 0.0095 0.4673333333333333
0 0.39287500000000003 0.9664999999999999 0.01525 0.06633333333333333
0 0.400875 0.35733333333333334 0.01875 0.17866666666666667
0 0.670875 0.3948333333333333 0.03825 0.024333333333333332
