0 0.182375 0.5095 0.17875 0.04033333333333333
0 0.154 0.7775 0.0335 0.023666666666666666
0 0.1965 0.9448333333333333 0.1345 0.019
0 0.184375 0.25466666666666665 0.02425 0.17066666666666666
0 0.233 0.18883333333333333 0.021500000000000002 0.13633333333333333
0 0.944875 0.1585 0.05725 0.13366666666666666
0 0.948875 0.257 0.10175000000000001 0.024666666666666667
0 0.9535 0.5453333333333333 0.0925 0.016666666666666666
0 0.953125 0.8208333333333333 0.09325 0.034333333333333334
3 0.6485 0.5035 0.096 0.9923333333333333
3 0.4205 0.7969999999999999 0.0635 0.30866666666666664
0 0.4375 0.06633333333333333 0.091 0.021333333333333333
0 0.44625000000000004 0.17933333333333332 0.0735 0.029333333333333333
0 0.43225 0.29616666666666663 0.08750000000000001 0.031
0 0.4445 0.41833333333333333 0.0855 0.018666666666666665
0 0.408875 0.5211666666666667 0.03325 0.14633333333333332
0 0.4285 0.6278333333333334 0.0975 0.013
0 0.7465 0.09266666666666666 0.0985 0.029333333333333333
0 0.738625 0.16083333333333333 0.06425 0.024999999999999998
0 0.748625 0.22649999999999998 0.035750000000000004 0.07633333333333334
0 0.745375 0.3388333333333333 0.10325000000000001 0.027
0 0.74075 0.4036666666666667 0.0585 0.07066666666666667
0 0.74475 0.541 0.1065 0.03333333333333333
0 0.73475 0.5746666666666667 0.0135 0.029333333333333333
0 0.7385 0.6568333333333333 0.088 0.04766666666666666
0 0.74975 0.7203333333333333 0.0265 0.08066666666666666
0 0.744 0.8193333333333334 0.113 0.043333333333333335
0 0.746 0.9405 0.1115 0.033666666666666664
3 0.53 0.5021666666666667 0.092 0.995
0 0.47825 0.581 0.0095 0.078
0 0.47825 0.6978333333333333 0.013000000000000001 0.09566666666666666
0 0.47350000000000003 0.9496666666666667 0.0105 0.09999999999999999
0 0.438 0.973 0.008 0.05333333333333333
0 0.483375 0.29916666666666664 0.01325 0.18633333333333332
0 0.09025 0.952 0.023 0.010666666666666666
