0 0.202 0.07683333333333334 0.024 0.14833333333333332
0 0.22012500000000002 0.16566666666666666 0.16275 0.024666666666666667
0 0.240125 0.44166666666666665 0.03775 0.508
0 0.28475 0.3265 0.032 0.023
0 0.29825 0.419 0.0365 0.028666666666666667
0 0.248 0.702 0.1675 0.041999999999999996
0 0.292625 0.9356666666666666 0.12225 0.02333333333333333
0 0.955375 0.14983333333333332 0.04075 0.28833333333333333
0 0.94775 0.3265 0.10400000000000001 0.03833333333333333
0 0.9895 0.4365 0.0205 0.159
0 0.9645 0.6318333333333334 0.069 0.015666666666666666
0 0.9735 0.8458333333333333 0.0525 0.019666666666666666
3 0.6485 0.2645 0.101 0.18366666666666667
0 0.475875 0.07366666666666666 0.021750000000000002 0.13266666666666665
0 0.403125 0.018833333333333334 0.01625 0.03233333333333333
0 0.454 0.15933333333333333 0.1305 0.03733333333333333
0 0.534 0.0185 0.0535 0.027666666666666666
0 0.671625 0.048999999999999995 0.20475000000000002 0.03733333333333333
0 0.60475 0.1265 0.0335 0.10099999999999999
0 0.44225000000000003 0.2825 0.035 0.01633333333333333
0 0.46950000000000003 0.4563333333333333 0.0645 0.02333333333333333
0 0.47650000000000003 0.5945 0.025500000000000002 0.027666666666666666
0 0.479125 0.7023333333333334 0.09175 0.024666666666666667
0 0.786 0.6963333333333334 0.08650000000000001 0.036
0 0.792625 0.7733333333333333 0.09125 0.03666666666666667
0 0.802125 0.9111666666666667 0.09675 0.037
0 0.81925 0.9493333333333333 0.02 0.04933333333333333
0 0.76025 0.4478333333333333 0.0785 0.016999999999999998
3 0.5735 0.5953333333333333 0.101 0.386
3 0.667125 0.5313333333333333 0.10525 0.3233333333333333
3 0.701625 0.851 0.09575 0.29733333333333334
0 0.7525000000000001 0.3545 0.0315 0.06566666666666666
0 0.650375 0.109 0.01975 0.09
0 0.679 0.1045 0.0145 0.08766666666666667
0 0.5261250000000001 0.30166666666666664 0.02675 0.176
0 0.568375 0.2881666666666667 0.02925 0.18566666666666667
0 0.55675 0.38916666666666666 0.0825 0.017666666666666667
3 0.60275 0.9025 0.0755 0.19433333333333333
0 0.539625 0.8001666666666667 0.18875 0.029666666666666664
