0 0.165 0.13366666666666666 0.18 0.029333333333333333
0 0.175375 0.3625 0.02075 0.431
0 0.178625 0.5803333333333334 0.19125 0.04066666666666666
0 0.185 0.7953333333333333 0.031 0.4086666666666667
0 0.12637500000000002 0.8285 0.06675 0.019
0 0.88475 0.06183333333333333 0.025 0.11433333333333333
0 0.90175 0.1345 0.145 0.027666666666666666
0 0.899625 0.2845 0.01925 0.219
0 0.922 0.41983333333333334 0.1555 0.04766666666666666
0 0.927875 0.6385 0.03725 0.38566666666666666
0 0.9277500000000001 0.855 0.14400000000000002 0.024666666666666667
0 0.9455 0.9331666666666666 0.0235 0.12566666666666665
0 0.907625 0.9303333333333333 0.02775 0.09533333333333333
3 0.638125 0.5006666666666667 0.18575 0.998
3 0.356875 0.03183333333333333 0.07075000000000001 0.06366666666666666
0 0.41725 0.10483333333333333 0.209 0.036333333333333336
0 0.457125 0.8095 0.18375 0.041
0 0.74575 0.7498333333333334 0.017 0.03166666666666666
3 0.469625 0.9136666666666666 0.15425 0.172
3 0.45787500000000003 0.46149999999999997 0.17825 0.6403333333333333
3 0.476125 0.042666666666666665 0.08175 0.08533333333333333
