0 0.167875 0.43083333333333335 0.03275 0.8543333333333333
0 0.22 0.2175 0.0615 0.023666666666666666
0 0.11425 0.514 0.06 0.026666666666666665
0 0.217 0.5178333333333334 0.07150000000000001 0.020999999999999998
0 0.11475 0.6923333333333334 0.0565 0.029333333333333333
0 0.2215 0.6928333333333333 0.07150000000000001 0.025666666666666667
0 0.889375 0.082 0.15975 0.03266666666666666
0 0.890875 0.19416666666666665 0.02425 0.13166666666666665
0 0.9055 0.2955 0.1535 0.030333333333333334
0 0.9097500000000001 0.4398333333333333 0.0235 0.217
2 0.91025 0.5806666666666667 0.1605 0.018666666666666665
0 0.926875 0.7146666666666667 0.017750000000000002 0.16266666666666665
0 0.9313750000000001 0.8345 0.06525 0.02033333333333333
3 0.625375 0.5016666666666667 0.17375000000000002 0.996
0 0.728625 0.09849999999999999 0.02725 0.09233333333333334
0 0.7342500000000001 0.184 0.02 0.04666666666666666
0 0.731125 0.43366666666666664 0.04075 0.035333333333333335
0 0.73475 0.8846666666666666 0.042 0.036
0 0.735125 0.9603333333333333 0.035750000000000004 0.03133333333333333
3 0.45725 0.6556666666666666 0.1825 0.2593333333333333
0 0.3945 0.23066666666666666 0.0845 0.03266666666666666
0 0.387375 0.31766666666666665 0.06925 0.02333333333333333
0 0.38475 0.3998333333333333 0.059500000000000004 0.059
0 0.387625 0.45549999999999996 0.021750000000000002 0.06966666666666667
0 0.44825 0.5048333333333334 0.1815 0.030333333333333334
3 0.45787500000000003 0.9116666666666666 0.17525000000000002 0.176
3 0.480375 0.34983333333333333 0.09875 0.22966666666666666
0 0.439875 0.06466666666666666 0.16375 0.011333333333333332
0 0.505625 0.10216666666666667 0.017750000000000002 0.07166666666666667
0 0.461125 0.08883333333333333 0.012750000000000001 0.03966666666666666
0 0.430375 0.029166666666666667 0.01175 0.058333333333333334
0 0.392125 0.02033333333333333 0.01175 0.04066666666666666
3 0.479875 0.029833333333333333 0.06925 0.059666666666666666
0 0.488875 0.195 0.05425 0.07866666666666666
3 0.322125 0.7688333333333333 0.04625 0.46166666666666667
0 0.322375 0.5136666666666666 0.059750000000000004 0.014666666666666666
3 0.327375 0.39516666666666667 0.03875 0.18233333333333332
0 0.31475000000000003 0.18266666666666667 0.0325 0.011333333333333332
