0 0.179 0.14616666666666667 0.0125 0.27166666666666667
0 0.205875 0.3308333333333333 0.010750000000000001 0.05566666666666666
0 0.1785 0.3273333333333333 0.011 0.051333333333333335
0 0.18975 0.3753333333333333 0.145 0.02333333333333333
0 0.18225 0.5028333333333334 0.021500000000000002 0.08566666666666667
0 0.17300000000000001 0.6286666666666666 0.171 0.036
0 0.16975 0.8526666666666667 0.1765 0.02333333333333333
0 0.177875 0.7416666666666667 0.00925 0.22133333333333333
0 0.178625 0.9326666666666666 0.02075 0.134
0 0.93225 0.067 0.037 0.12466666666666666
0 0.874 0.029833333333333333 0.0635 0.023666666666666666
0 0.899875 0.27899999999999997 0.10675 0.04
0 0.926875 0.5365 0.03625 0.46366666666666667
0 0.924875 0.7848333333333333 0.14975 0.021666666666666667
0 0.937875 0.9055 0.012750000000000001 0.18833333333333332
3 0.61475 0.5016666666666667 0.0985 0.996
0 0.41575 0.058166666666666665 0.1155 0.026333333333333334
0 0.39825 0.14233333333333334 0.0365 0.08466666666666667
0 0.39375 0.36666666666666664 0.0245 0.212
0 0.404625 0.5549999999999999 0.09825 0.01
0 0.412875 0.6018333333333333 0.00725 0.04766666666666666
0 0.40650000000000003 0.6781666666666667 0.099 0.028999999999999998
0 0.4275 0.8601666666666666 0.1515 0.012333333333333333
0 0.395125 0.9621666666666666 0.02275 0.075
0 0.703875 0.33116666666666666 0.09675 0.03766666666666667
0 0.7106250000000001 0.6818333333333333 0.09375 0.018333333333333333
3 0.504625 0.5123333333333333 0.08475 0.9746666666666667
0 0.45025 0.32466666666666666 0.0165 0.188
0 0.43012500000000004 0.27516666666666667 0.02625 0.015
0 0.429875 0.39449999999999996 0.03075 0.015666666666666666
0 0.414625 0.1935 0.07275 0.017666666666666667
3 0.6920000000000001 0.0595 0.0735 0.119
3 0.689375 0.2245 0.07975 0.18166666666666667
0 0.9882500000000001 0.2846666666666667 0.023 0.013333333333333332
0 0.13675 0.132 0.0755 0.02333333333333333
