0 0.165125 0.21133333333333332 0.17425000000000002 0.038
0 0.161125 0.096 0.01925 0.18266666666666667
0 0.170375 0.31566666666666665 0.02225 0.16666666666666666
0 0.11575 0.4528333333333333 0.0585 0.025666666666666667
0 0.186875 0.5933333333333333 0.01625 0.21333333333333332
0 0.186125 0.7341666666666666 0.16925 0.026333333333333334
0 0.20025 0.8933333333333333 0.0155 0.108
0 0.904 0.22033333333333333 0.0505 0.4393333333333333
0 0.922 0.4613333333333333 0.1555 0.03733333333333333
0 0.951125 0.6941666666666666 0.04625 0.421
0 0.898 0.5478333333333333 0.03 0.119
3 0.57625 0.177 0.101 0.354
3 0.7000000000000001 0.5921666666666666 0.1055 0.39499999999999996
0 0.668625 0.3055 0.02125 0.07033333333333333
0 0.7015 0.2965 0.0155 0.10366666666666666
0 0.84675 0.051166666666666666 0.066 0.023666666666666666
0 0.66725 0.03133333333333333 0.027 0.041999999999999996
3 0.438125 0.19416666666666665 0.17275000000000001 0.385
0 0.471125 0.8911666666666667 0.17925 0.028333333333333332
0 0.450875 0.425 0.17825 0.054
0 0.642375 0.3793333333333333 0.18875 0.032
0 0.672125 0.8221666666666666 0.19325 0.048999999999999995
3 0.46337500000000004 0.6675 0.18175 0.41433333333333333
3 0.48175 0.9581666666666666 0.158 0.08299999999999999
3 0.611 0.5971666666666666 0.093 0.39499999999999996
3 0.628875 0.9251666666666666 0.07975 0.149
3 0.7146250000000001 0.8905 0.07725 0.095
0 0.741375 0.9773333333333333 0.021750000000000002 0.04466666666666667
0 0.6481250000000001 0.0865 0.03675 0.041666666666666664
0 0.901875 0.8148333333333333 0.06125 0.018333333333333333
