0 0.13025 0.20983333333333332 0.181 0.022333333333333334
0 0.12562500000000001 0.32166666666666666 0.01175 0.19466666666666665
0 0.13025 0.10516666666666666 0.009000000000000001 0.21033333333333332
1 0.06475 0.43016666666666664 0.047 0.031
0 0.11937500000000001 0.6156666666666667 0.01225 0.204
0 0.11762500000000001 0.7266666666666667 0.16775 0.04
0 0.111125 0.872 0.01725 0.2533333333333333
0 0.17200000000000001 0.9148333333333333 0.0465 0.009666666666666667
0 0.889 0.075 0.0095 0.14466666666666667
0 0.892875 0.156 0.16425 0.017333333333333333
0 0.895875 0.3733333333333333 0.025750000000000002 0.38666666666666666
0 0.897 0.587 0.171 0.03133333333333333
0 0.89475 0.8131666666666666 0.016 0.373
0 0.55775 0.34099999999999997 0.093 0.6819999999999999
0 0.35125 0.031166666666666665 0.08650000000000001 0.019
0 0.363875 0.2185 0.09175 0.01633333333333333
0 0.355125 0.37216666666666665 0.05275 0.19433333333333333
0 0.34850000000000003 0.5488333333333333 0.029500000000000002 0.019666666666666666
0 0.3305 0.5988333333333333 0.0135 0.023
0 0.344875 0.6623333333333333 0.029750000000000002 0.029333333333333333
0 0.3865 0.6188333333333333 0.027 0.036333333333333336
0 0.349375 0.7521666666666667 0.09275 0.03233333333333333
0 0.336375 0.8908333333333333 0.02825 0.01633333333333333
0 0.663375 0.05316666666666667 0.09375 0.016999999999999998
0 0.666875 0.3745 0.02225 0.079
0 0.6657500000000001 0.49116666666666664 0.02 0.08566666666666667
0 0.666125 0.5841666666666666 0.02075 0.058333333333333334
0 0.667375 0.7125 0.02075 0.04766666666666666
0 0.6805 0.8518333333333333 0.035 0.081
3 0.449 0.5038333333333334 0.081 0.9916666666666666
0 0.4 0.9581666666666666 0.016 0.08299999999999999
0 0.403875 0.346 0.02025 0.19533333333333333
0 0.404625 0.6648333333333333 0.017750000000000002 0.18033333333333332
0 0.61175 0.6806666666666666 0.197 0.024666666666666667
0 0.534625 0.7085 0.014750000000000001 0.059
0 0.5775 0.739 0.0145 0.09866666666666667
0 0.554625 0.7973333333333333 0.09625 0.022666666666666665
0 0.611 0.7346666666666667 0.008 0.08466666666666667
3 0.5615 0.9049999999999999 0.076 0.18933333333333333
0 0.6072500000000001 0.9608333333333333 0.009000000000000001 0.07633333333333334
0 0.61125 0.13283333333333333 0.0105 0.131
0 0.622625 0.358 0.03775 0.22866666666666666
0 0.609125 0.020166666666666666 0.010750000000000001 0.04033333333333333
0 0.60975 0.6088333333333333 0.0085 0.048999999999999995
0 0.392125 0.4993333333333333 0.02125 0.08866666666666666
