0 0.144625 0.22666666666666666 0.17525000000000002 0.033999999999999996
0 0.15762500000000002 0.10983333333333332 0.01875 0.10766666666666666
0 0.145 0.3446666666666667 0.007 0.19266666666666665
0 0.141375 0.44916666666666666 0.18525 0.028999999999999998
0 0.141375 0.5569999999999999 0.01325 0.212
1 0.07200000000000001 0.6746666666666666 0.041 0.041999999999999996
0 0.13125 0.8663333333333333 0.012 0.19733333333333333
0 0.1285 0.9683333333333333 0.176 0.030666666666666665
0 0.903625 0.19849999999999998 0.02125 0.38966666666666666
0 0.9127500000000001 0.4026666666666667 0.17400000000000002 0.028666666666666667
0 0.904 0.6138333333333333 0.025 0.36433333333333334
0 0.907625 0.8403333333333333 0.17075 0.04466666666666667
0 0.913625 0.9331666666666666 0.03125 0.133
3 0.571625 0.4998333333333333 0.10625 0.9996666666666666
0 0.365 0.04466666666666667 0.021500000000000002 0.08933333333333333
0 0.379625 0.15916666666666665 0.09725 0.009666666666666667
0 0.38575 0.20566666666666666 0.0115 0.05333333333333333
0 0.376375 0.27899999999999997 0.08975 0.03
0 0.373875 0.4578333333333333 0.10925 0.016999999999999998
0 0.360375 0.5816666666666667 0.03475 0.020666666666666667
0 0.3595 0.7015 0.0305 0.017666666666666667
0 0.35875 0.7955 0.0275 0.014333333333333333
0 0.34450000000000003 0.8431666666666666 0.0045000000000000005 0.045
0 0.356875 0.9098333333333333 0.02475 0.015666666666666666
0 0.681125 0.2915 0.08675000000000001 0.026333333333333334
0 0.6743750000000001 0.6044999999999999 0.03275 0.08566666666666667
0 0.676875 0.737 0.01375 0.10266666666666667
0 0.666 0.8168333333333333 0.0885 0.023
0 0.671375 0.9278333333333333 0.09275 0.025666666666666667
0 0.471125 0.501 0.08225 0.9973333333333333
3 0.470625 0.5003333333333333 0.08225 0.9973333333333333
0 0.6793750000000001 0.9616666666666667 0.01925 0.043333333333333335
0 0.408875 0.5886666666666667 0.03375 0.19933333333333333
0 0.40625 0.7454999999999999 0.023 0.08366666666666667
0 0.40975 0.9116666666666666 0.032 0.176
0 0.176125 0.7846666666666666 0.07875 0.02333333333333333
0 0.630875 0.21183333333333332 0.01375 0.11499999999999999
0 0.355375 0.6743333333333333 0.01825 0.03133333333333333
