0 0.177125 0.0875 0.19575 0.04566666666666667
0 0.19062500000000002 0.20199999999999999 0.01575 0.204
0 0.23875000000000002 0.4115 0.066 0.023666666666666666
0 0.216125 0.5923333333333333 0.18225 0.026666666666666665
0 0.2085 0.7978333333333333 0.0225 0.40099999999999997
0 0.2765 0.7655 0.0615 0.019
0 0.27325 0.8688333333333333 0.035 0.025666666666666667
0 0.937875 0.17833333333333332 0.03425 0.35533333333333333
0 0.969 0.6136666666666667 0.028 0.33399999999999996
0 0.930125 0.3923333333333333 0.11425 0.04
0 0.9485 0.8131666666666666 0.10250000000000001 0.030333333333333334
0 0.992 0.9173333333333333 0.0155 0.16466666666666666
3 0.62075 0.246 0.099 0.49133333333333334
3 0.64975 0.8231666666666666 0.1005 0.353
0 0.41425 0.08216666666666667 0.1 0.025666666666666667
0 0.460625 0.19566666666666666 0.012750000000000001 0.18
0 0.42075 0.30283333333333334 0.05 0.034333333333333334
0 0.4165 0.4018333333333333 0.03 0.03233333333333333
0 0.407625 0.4485 0.02075 0.04566666666666667
0 0.41575 0.5131666666666667 0.0185 0.023
0 0.47175 0.5988333333333333 0.1835 0.028333333333333332
0 0.428375 0.7311666666666666 0.03375 0.016999999999999998
0 0.4565 0.9179999999999999 0.0885 0.030666666666666665
0 0.712875 0.507 0.12275 0.024
0 0.6813750000000001 0.5813333333333334 0.02125 0.12666666666666665
0 0.7325 0.5311666666666667 0.0165 0.03233333333333333
0 0.7508750000000001 0.6616666666666666 0.01575 0.06666666666666667
0 0.7428750000000001 0.8273333333333333 0.03725 0.09333333333333332
0 0.74925 0.9293333333333333 0.108 0.015333333333333332
0 0.736125 0.975 0.017750000000000002 0.04933333333333333
0 0.7145 0.3953333333333333 0.069 0.016
0 0.70575 0.30283333333333334 0.0585 0.10099999999999999
0 0.7076250000000001 0.19366666666666665 0.02775 0.03733333333333333
0 0.402625 0.20416666666666666 0.02775 0.034999999999999996
3 0.517875 0.29616666666666663 0.10275000000000001 0.5876666666666667
0 0.45625 0.3506666666666667 0.026000000000000002 0.08066666666666666
0 0.201125 0.492 0.01825 0.19
0 0.730375 0.435 0.010750000000000001 0.06466666666666666
1 0.1285 0.3158333333333333 0.039 0.028999999999999998
0 0.49425 0.858 0.016 0.19
3 0.543625 0.8036666666666666 0.08825 0.39199999999999996
0 0.443125 0.132 0.02025 0.020666666666666667
