0 0.15662500000000001 0.4078333333333333 0.16475 0.04033333333333333
0 0.1445 0.5448333333333333 0.146 0.023666666666666666
0 0.16725 0.7236666666666667 0.047 0.078
0 0.178 0.8076666666666666 0.109 0.024
0 0.133625 0.2175 0.08275 0.119
0 0.84875 0.029333333333333333 0.109 0.030666666666666665
0 0.901875 0.19749999999999998 0.01925 0.125
0 0.883 0.32316666666666666 0.0185 0.119
0 0.880625 0.4043333333333333 0.16025 0.032
0 0.885375 0.497 0.01925 0.06666666666666667
0 0.882 0.5771666666666666 0.17450000000000002 0.037
0 0.854625 0.6415 0.01325 0.08833333333333333
0 0.883625 0.6833333333333333 0.01925 0.17466666666666666
0 0.87025 0.8263333333333333 0.11900000000000001 0.026666666666666665
3 0.567125 0.312 0.08825 0.432
0 0.4215 0.02033333333333333 0.017 0.03933333333333333
0 0.5445 0.054 0.3015 0.04933333333333333
0 0.169 0.048 0.0335 0.08466666666666667
3 0.467125 0.2595 0.08925 0.2856666666666667
3 0.47075 0.767 0.0925 0.4653333333333333
3 0.385625 0.7603333333333333 0.08725000000000001 0.30066666666666664
3 0.376125 0.2833333333333333 0.07125000000000001 0.244
0 0.41525 0.41733333333333333 0.16 0.02
0 0.4325 0.5236666666666666 0.1585 0.017333333333333333
0 0.42325 0.4751666666666666 0.0185 0.08566666666666667
0 0.420625 0.5615 0.01125 0.07033333333333333
0 0.3855 0.9558333333333333 0.0855 0.01633333333333333
0 0.367375 0.9804999999999999 0.01525 0.03833333333333333
0 0.6325000000000001 0.9651666666666666 0.20750000000000002 0.039
0 0.6208750000000001 0.54 0.18075 0.02
0 0.6195 0.6665 0.17400000000000002 0.026333333333333334
0 0.65625 0.23133333333333334 0.0825 0.021333333333333333
3 0.575625 0.602 0.07225 0.104
3 0.579875 0.8113333333333334 0.09475 0.2773333333333333
3 0.47000000000000003 0.4686666666666667 0.0695 0.08133333333333333
3 0.46175 0.24983333333333332 0.065 0.305
3 0.374375 0.26066666666666666 0.07075000000000001 0.25666666666666665
3 0.65325 0.3903333333333333 0.081 0.2793333333333333
3 0.64875 0.152 0.0805 0.132
0 0.92925 0.04633333333333333 0.025500000000000002 0.012
3 0.67 0.8099999999999999 0.0985 0.26066666666666666
0 0.6617500000000001 0.5625 0.014 0.03766666666666667
0 0.6285000000000001 0.57 0.0185 0.042666666666666665
0 0.375 0.08816666666666666 0.0745 0.019
0 0.4195 0.291 0.0165 0.208
3 0.384875 0.4721666666666666 0.04625 0.08633333333333333
0 0.7785 0.9708333333333333 0.075 0.028333333333333332
0 0.035875000000000004 0.3393333333333333 0.07075000000000001 0.012
0 0.037 0.2068333333333333 0.074 0.015666666666666666
0 0.04075 0.08399999999999999 0.077 0.012
0 0.3075 0.9196666666666666 0.019 0.16
