0 0.166625 0.20083333333333334 0.15825 0.023
0 0.172625 0.6234999999999999 0.03225 0.7523333333333333
0 0.218625 0.45666666666666667 0.06625 0.02333333333333333
0 0.1205 0.7653333333333333 0.0805 0.017333333333333333
0 0.213125 0.7615 0.07575 0.01633333333333333
0 0.123125 0.9551666666666666 0.08125 0.026333333333333334
0 0.22262500000000002 0.9506666666666667 0.06225 0.03
0 0.884375 0.07466666666666666 0.16725 0.04466666666666667
0 0.902875 0.3175 0.16725 0.037
0 0.901875 0.4708333333333333 0.01925 0.18766666666666665
0 0.9556250000000001 0.5513333333333333 0.08825 0.028666666666666667
0 0.923625 0.6951666666666666 0.02425 0.20966666666666667
2 0.917125 0.8275 0.14575 0.020999999999999998
3 0.629625 0.4975 0.18025 0.995
0 0.7368750000000001 0.04766666666666666 0.05525 0.042666666666666665
0 0.736 0.31816666666666665 0.0365 0.014333333333333333
0 0.732625 0.41 0.04125 0.020666666666666667
0 0.72675 0.6885 0.0475 0.027
0 0.73475 0.8241666666666666 0.0265 0.06566666666666666
0 0.33 0.7616666666666666 0.0655 0.012
3 0.45537500000000003 0.8886666666666666 0.18825 0.222
3 0.435375 0.27699999999999997 0.18875 0.18733333333333332
3 0.439125 0.5618333333333333 0.20675000000000002 0.33766666666666667
0 0.437875 0.16516666666666666 0.17025 0.024999999999999998
0 0.449875 0.753 0.17825 0.046
0 0.863125 0.5491666666666667 0.05475 0.019
3 0.43225 0.03216666666666666 0.1665 0.06433333333333333
0 0.469125 0.11716666666666667 0.03625 0.093
3 0.33125 0.8866666666666666 0.042 0.192
