0 0.02625 0.5698333333333333 0.0145 0.13833333333333334
0 0.20475000000000002 0.008833333333333334 0.0765 0.014333333333333333
0 0.227625 0.16466666666666666 0.01525 0.08466666666666667
0 0.228125 0.25816666666666666 0.10275000000000001 0.016999999999999998
0 0.179375 0.5995 0.14875 0.05433333333333333
0 0.149625 0.5018333333333334 0.03075 0.07633333333333334
0 0.128 0.6988333333333333 0.0415 0.12566666666666665
0 0.164 0.8253333333333333 0.154 0.05266666666666667
0 0.920875 0.13633333333333333 0.15425 0.029333333333333333
0 0.898625 0.208 0.01575 0.08266666666666667
0 0.9253750000000001 0.2485 0.02225 0.177
0 0.89625 0.36916666666666664 0.1085 0.034333333333333334
0 0.90575 0.6859999999999999 0.14150000000000001 0.035333333333333335
0 0.9045 0.9465 0.1545 0.03833333333333333
0 0.043000000000000003 0.7755 0.0835 0.05633333333333333
3 0.6235 0.7971666666666667 0.167 0.40499999999999997
3 0.496625 0.5011666666666666 0.11975000000000001 0.997
0 0.43475 0.01983333333333333 0.048 0.024999999999999998
0 0.7176250000000001 0.06683333333333333 0.09975 0.027666666666666666
0 0.705875 0.18033333333333332 0.08075 0.02333333333333333
1 0.743 0.3423333333333333 0.0285 0.06
0 0.655625 0.4638333333333333 0.19525 0.035666666666666666
3 0.61575 0.23166666666666666 0.0845 0.4633333333333333
3 0.39637500000000003 0.8069999999999999 0.08525 0.3853333333333333
3 0.421375 0.19916666666666666 0.07125000000000001 0.16233333333333333
0 0.40625 0.5136666666666666 0.0835 0.07933333333333333
0 0.40675 0.5963333333333333 0.0695 0.026
0 0.40325 0.35033333333333333 0.0265 0.05733333333333333
0 0.433375 0.39849999999999997 0.02925 0.06433333333333333
0 0.450375 0.32616666666666666 0.03025 0.03166666666666666
3 0.662625 0.08766666666666667 0.01525 0.17533333333333334
3 0.692875 0.29566666666666663 0.06225 0.026
3 0.705125 0.3248333333333333 0.01525 0.249
0 0.607 0.5258333333333333 0.03 0.08366666666666667
0 0.5745 0.5439999999999999 0.016 0.05466666666666666
0 0.698125 0.5463333333333333 0.01225 0.064
0 0.675 0.5648333333333333 0.018000000000000002 0.048999999999999995
2 0.2915 0.8566666666666667 0.0905 0.035333333333333335
2 0.296875 0.7476666666666666 0.09575 0.022
2 0.3125 0.5196666666666666 0.091 0.02
0 0.30375 0.6136666666666667 0.0915 0.03733333333333333
2 0.04475 0.6356666666666666 0.085 0.020666666666666667
0 0.41075 0.42966666666666664 0.0755 0.022666666666666665
3 0.73725 0.773 0.0575 0.2906666666666667
2 0.7955 0.6064999999999999 0.0645 0.017666666666666667
