0 0.16025 0.505 0.02 0.9893333333333333
0 0.10825 0.14216666666666666 0.048 0.018333333333333333
0 0.20350000000000001 0.13683333333333333 0.0695 0.011
0 0.19875 0.3478333333333333 0.023 0.11166666666666666
0 0.11862500000000001 0.5403333333333333 0.06275 0.018
0 0.20975 0.5361666666666667 0.0735 0.020999999999999998
0 0.2275 0.6916666666666667 0.0535 0.022
0 0.10225000000000001 0.8883333333333333 0.063 0.026666666666666665
0 0.211875 0.9185 0.06775 0.025666666666666667
0 0.885 0.081 0.1685 0.032
0 0.872625 0.42183333333333334 0.06575 0.018333333333333333
0 0.903 0.5115 0.162 0.023666666666666666
0 0.917375 0.9425 0.16475 0.041
3 0.594875 0.4998333333333333 0.11275 0.9996666666666666
3 0.705125 0.16899999999999998 0.09075 0.2533333333333333
0 0.712875 0.39616666666666667 0.04225 0.013
0 0.728625 0.48883333333333334 0.07275 0.039
0 0.710375 0.6056666666666667 0.14125000000000001 0.033999999999999996
0 0.74575 0.7061666666666666 0.04 0.025666666666666667
0 0.700875 0.7461666666666666 0.04825 0.015
0 0.76975 0.7995 0.045 0.027666666666666666
0 0.697875 0.8506666666666667 0.05625 0.022
0 0.7545000000000001 0.8748333333333334 0.043000000000000003 0.023666666666666666
0 0.692625 0.9141666666666667 0.010750000000000001 0.049666666666666665
0 0.71625 0.9093333333333333 0.025 0.012
0 0.674 0.9403333333333334 0.0135 0.03333333333333333
0 0.714875 0.9794999999999999 0.15025 0.034999999999999996
0 0.912625 0.6936666666666667 0.02225 0.11733333333333333
0 0.9001250000000001 0.3075 0.04875 0.030333333333333334
3 0.4435 0.499 0.19 0.998
0 0.71175 0.3208333333333333 0.0925 0.04833333333333333
0 0.6695 0.7201666666666666 0.0195 0.161
0 0.672125 0.018 0.03025 0.034666666666666665
2 0.292625 0.5133333333333333 0.08725000000000001 0.015333333333333332
2 0.288375 0.19483333333333333 0.08825 0.015666666666666666
