0 0.166125 0.035166666666666666 0.02375 0.063
0 0.163875 0.09866666666666667 0.15325 0.03933333333333333
0 0.15887500000000002 0.23766666666666666 0.02375 0.22066666666666665
0 0.16025 0.48766666666666664 0.1675 0.022666666666666665
0 0.164 0.7506666666666666 0.0365 0.498
0 0.2205 0.7596666666666666 0.075 0.02733333333333333
0 0.9021250000000001 0.12816666666666665 0.16375 0.031
0 0.911875 0.365 0.16925 0.03333333333333333
0 0.91825 0.6214999999999999 0.163 0.034999999999999996
0 0.9293750000000001 0.7503333333333333 0.02725 0.16733333333333333
0 0.922125 0.8608333333333333 0.15425 0.04566666666666667
0 0.93975 0.9386666666666666 0.0165 0.122
3 0.6365000000000001 0.5026666666666666 0.2015 0.994
0 0.372125 0.5075 0.13025 0.016999999999999998
0 0.321875 0.717 0.03775 0.033999999999999996
3 0.334 0.9298333333333333 0.028 0.11499999999999999
0 0.76575 0.1575 0.0315 0.025666666666666667
0 0.76475 0.2688333333333333 0.035 0.025666666666666667
0 0.763 0.3413333333333333 0.0415 0.042666666666666665
0 0.761875 0.6093333333333333 0.02625 0.024666666666666667
0 0.75725 0.6533333333333333 0.021500000000000002 0.026666666666666665
0 0.757625 0.7131666666666666 0.02925 0.03833333333333333
3 0.48925 0.3363333333333333 0.1015 0.6726666666666666
0 0.4205 0.07216666666666667 0.1485 0.039
0 0.37875000000000003 0.03733333333333333 0.0265 0.07466666666666666
0 0.393125 0.14883333333333332 0.08825 0.028999999999999998
0 0.382 0.23066666666666666 0.101 0.033999999999999996
0 0.40125 0.45866666666666667 0.083 0.022
0 0.33175 0.4698333333333333 0.035500000000000004 0.016999999999999998
0 0.404625 0.5475 0.021750000000000002 0.06166666666666666
0 0.41975 0.6034999999999999 0.10300000000000001 0.01633333333333333
0 0.404625 0.7771666666666667 0.09325 0.027666666666666666
0 0.404375 0.8761666666666666 0.08725000000000001 0.025666666666666667
0 0.388125 0.9591666666666666 0.059250000000000004 0.06966666666666667
0 0.479125 0.8521666666666666 0.05675 0.295
0 0.52775 0.8855 0.035 0.22833333333333333
0 0.20500000000000002 0.32566666666666666 0.0665 0.019333333333333334
0 0.12762500000000002 0.3813333333333333 0.03725 0.035333333333333335
0 0.165 0.41966666666666663 0.018000000000000002 0.132
0 0.379125 0.31216666666666665 0.06225 0.01633333333333333
0 0.36975 0.3348333333333333 0.033 0.01633333333333333
0 0.42312500000000003 0.31616666666666665 0.02825 0.014333333333333333
