0 0.164375 0.3095 0.15125 0.019
0 0.16775 0.14166666666666666 0.0185 0.22666666666666666
0 0.160375 0.5596666666666666 0.01675 0.30333333333333334
0 0.12175 0.7344999999999999 0.095 0.03166666666666666
0 0.156125 0.8421666666666666 0.03225 0.14766666666666667
0 0.152875 0.9803333333333333 0.16675 0.03866666666666667
0 0.882875 0.1475 0.17725 0.043666666666666666
0 0.878375 0.24133333333333332 0.01925 0.13999999999999999
0 0.88075 0.345 0.16 0.03333333333333333
0 0.879 0.5011666666666666 0.0205 0.10766666666666666
0 0.863125 0.5793333333333334 0.11025 0.025333333333333333
0 0.92325 0.7588333333333334 0.0235 0.13699999999999998
0 0.904 0.8888333333333333 0.0195 0.13033333333333333
0 0.8975 0.9738333333333333 0.167 0.039
3 0.611 0.106 0.1475 0.212
0 0.414625 0.991 0.13225 0.017333333333333333
0 0.407875 0.018 0.14725 0.017333333333333333
3 0.6155 0.407 0.1575 0.304
3 0.61975 0.8009999999999999 0.181 0.3973333333333333
0 0.61075 0.23249999999999998 0.18 0.04033333333333333
0 0.620375 0.585 0.18725 0.019333333333333334
0 0.430875 0.619 0.18075 0.05333333333333333
0 0.43062500000000004 0.2548333333333333 0.16975 0.024333333333333332
3 0.433625 0.8109999999999999 0.18625 0.33199999999999996
3 0.467375 0.35033333333333333 0.06225 0.16533333333333333
3 0.37875000000000003 0.3466666666666667 0.068 0.154
3 0.378875 0.5215 0.07875 0.13633333333333333
3 0.3815 0.13466666666666666 0.082 0.20066666666666666
3 0.46287500000000004 0.13283333333333333 0.07125000000000001 0.20566666666666666
0 0.45887500000000003 0.523 0.02075 0.13333333333333333
0 0.495 0.4761666666666666 0.0155 0.049666666666666665
0 0.384875 0.4403333333333333 0.08975 0.026
2 0.287625 0.4473333333333333 0.08875 0.014
2 0.288625 0.29383333333333334 0.09725 0.012333333333333333
2 0.038 0.6325 0.076 0.014333333333333333
2 0.0375 0.7665 0.073 0.009666666666666667
2 0.034375 0.903 0.06875 0.010666666666666666
2 0.955375 0.5938333333333333 0.025750000000000002 0.012333333333333333
