0 0.165125 0.5031666666666667 0.03425 0.993
0 0.121625 0.10633333333333334 0.05375 0.016666666666666666
0 0.211625 0.09816666666666667 0.05575 0.023
0 0.22875 0.24966666666666665 0.0375 0.016666666666666666
0 0.21475 0.4718333333333333 0.0665 0.027666666666666666
0 0.114625 0.44916666666666666 0.06675 0.027666666666666666
0 0.22337500000000002 0.6965 0.05075 0.025666666666666667
0 0.133 0.7446666666666666 0.0285 0.05733333333333333
0 0.093125 0.8631666666666666 0.025750000000000002 0.015
0 0.1935 0.8694999999999999 0.113 0.02033333333333333
0 0.891875 0.07366666666666666 0.16775 0.03333333333333333
0 0.914875 0.49183333333333334 0.16975 0.049666666666666665
0 0.919875 0.7426666666666667 0.15975 0.04
3 0.603875 0.4998333333333333 0.12125 0.9996666666666666
0 0.389125 0.043333333333333335 0.10075 0.028
0 0.322375 0.8938333333333333 0.05025 0.025666666666666667
3 0.48325 0.58 0.11750000000000001 0.832
0 0.44 0.1605 0.181 0.03833333333333333
0 0.7065 0.16 0.14250000000000002 0.021333333333333333
0 0.408875 0.43466666666666665 0.12375 0.034666666666666665
0 0.395 0.3753333333333333 0.045 0.11666666666666667
0 0.39925 0.27516666666666667 0.073 0.027666666666666666
0 0.4005 0.21566666666666667 0.0245 0.07733333333333334
0 0.396 0.5126666666666666 0.075 0.026
0 0.392125 0.5948333333333333 0.09725 0.03766666666666667
0 0.383625 0.6791666666666667 0.06475 0.021666666666666667
0 0.404 0.8378333333333333 0.0825 0.025666666666666667
0 0.402 0.8893333333333333 0.0855 0.024666666666666667
0 0.409125 0.9258333333333333 0.03075 0.071
0 0.406125 0.9871666666666666 0.07925 0.024999999999999998
0 0.46275 0.07933333333333333 0.033 0.14666666666666667
0 0.50275 0.07583333333333334 0.0445 0.147
0 0.696375 0.29916666666666664 0.04575 0.024999999999999998
0 0.749625 0.26416666666666666 0.03925 0.018333333333333333
0 0.695875 0.4013333333333333 0.05225 0.018
0 0.755625 0.42683333333333334 0.04525 0.024999999999999998
0 0.76425 0.5195 0.0485 0.024333333333333332
0 0.6863750000000001 0.5165 0.09825 0.023666666666666666
0 0.69425 0.6385 0.031 0.16033333333333333
0 0.694625 0.7243333333333333 0.07925 0.02
0 0.69425 0.8026666666666666 0.081 0.030666666666666665
0 0.6955 0.8831666666666667 0.0995 0.016999999999999998
0 0.701125 0.9321666666666666 0.07325 0.05366666666666667
0 0.717125 0.9814999999999999 0.04775 0.036333333333333336
0 0.76925 0.64 0.047 0.028666666666666667
0 0.765 0.7078333333333333 0.05 0.048999999999999995
0 0.737375 0.8431666666666666 0.012750000000000001 0.03766666666666667
0 0.755375 0.9158333333333333 0.01375 0.035666666666666666
0 0.76125 0.9701666666666666 0.019 0.017666666666666667
0 0.74125 0.3333333333333333 0.0165 0.010666666666666666
0 0.766 0.352 0.033 0.018666666666666665
0 0.742375 0.0595 0.05075 0.026333333333333334
0 0.668875 0.271 0.021750000000000002 0.17666666666666667
0 0.375 0.7065 0.032 0.019
0 0.405875 0.1185 0.01375 0.06033333333333333
