0 0.17 0.10766666666666666 0.1345 0.03
0 0.152 0.27699999999999997 0.0175 0.32
0 0.10225000000000001 0.31083333333333335 0.0585 0.021666666666666667
0 0.19725 0.3145 0.073 0.025666666666666667
0 0.11750000000000001 0.5579999999999999 0.0935 0.022666666666666665
0 0.147875 0.7703333333333333 0.02725 0.10666666666666666
0 0.105125 0.6926666666666667 0.012750000000000001 0.08666666666666667
0 0.15 0.9229999999999999 0.145 0.017333333333333333
0 0.856 0.15583333333333332 0.1615 0.019666666666666666
0 0.823625 0.2165 0.01875 0.043
0 0.8582500000000001 0.31366666666666665 0.018000000000000002 0.062
0 0.8612500000000001 0.378 0.155 0.036
0 0.8265 0.5459999999999999 0.063 0.03133333333333333
0 0.874 0.7741666666666667 0.025 0.32166666666666666
0 0.879 0.976 0.162 0.04733333333333333
0 0.618625 0.39249999999999996 0.19675 0.7756666666666666
0 0.9015 0.042666666666666665 0.03 0.07066666666666667
0 0.811 0.03716666666666667 0.0175 0.059
3 0.401375 0.4653333333333333 0.18875 0.614
0 0.3265 0.06899999999999999 0.0335 0.13799999999999998
3 0.3775 0.0515 0.045 0.103
0 0.413375 0.03683333333333333 0.01375 0.07033333333333333
0 0.39937500000000004 0.135 0.21225 0.044
3 0.462 0.05266666666666667 0.0655 0.10533333333333333
3 0.560875 0.8915 0.07075000000000001 0.21633333333333332
0 0.607 0.8978333333333333 0.017 0.20366666666666666
3 0.6511250000000001 0.8908333333333333 0.08075 0.21766666666666665
0 0.9165 0.758 0.068 0.017333333333333333
3 0.416875 0.8876666666666666 0.18025 0.224
