0 0.15725 0.27516666666666667 0.113 0.03233333333333333
0 0.1305 0.346 0.025 0.08866666666666666
0 0.179 0.35883333333333334 0.032 0.11033333333333332
0 0.140125 0.6695 0.02275 0.16566666666666666
0 0.142625 0.7936666666666666 0.17775 0.029333333333333333
0 0.13575 0.889 0.021500000000000002 0.13799999999999998
0 0.865625 0.6186666666666667 0.16675 0.02733333333333333
0 0.831125 0.6783333333333333 0.01975 0.06999999999999999
0 0.8728750000000001 0.8573333333333333 0.16725 0.038
0 0.807625 0.03216666666666666 0.02525 0.06433333333333333
0 0.82925 0.07766666666666666 0.13 0.02733333333333333
3 0.840375 0.18983333333333333 0.13025 0.19699999999999998
3 0.894 0.408 0.047 0.23066666666666666
3 0.79825 0.39649999999999996 0.042 0.18566666666666667
3 0.541625 0.356 0.09475 0.432
3 0.665125 0.7996666666666666 0.11025 0.39999999999999997
3 0.398125 0.8116666666666666 0.20825 0.376
0 0.649 0.097 0.022 0.18666666666666665
0 0.6843750000000001 0.2818333333333333 0.03425 0.5543333333333333
0 0.7225 0.10083333333333333 0.039 0.019
0 0.733 0.18733333333333332 0.031 0.012
0 0.7348750000000001 0.25316666666666665 0.02725 0.015666666666666666
0 0.735125 0.319 0.02675 0.014
0 0.731375 0.37133333333333335 0.03725 0.013333333333333332
0 0.40825 0.09033333333333333 0.028 0.154
0 0.478375 0.11599999999999999 0.010750000000000001 0.038
3 0.413125 0.48683333333333334 0.15475 0.21433333333333332
0 0.39175 0.6001666666666666 0.225 0.03966666666666666
0 0.35150000000000003 0.257 0.0175 0.16733333333333333
0 0.40725 0.29216666666666663 0.1685 0.027666666666666666
0 0.41875 0.17183333333333334 0.11900000000000001 0.019666666666666666
0 0.59375 0.124 0.182 0.022
0 0.630625 0.46066666666666667 0.06975 0.018666666666666665
0 0.625 0.5835 0.2415 0.026333333333333334
3 0.558875 0.7968333333333333 0.10175000000000001 0.4056666666666667
0 0.314125 0.5215 0.02075 0.13699999999999998
0 0.314875 0.20916666666666667 0.012750000000000001 0.41833333333333333
0 0.869125 0.7913333333333333 0.01375 0.09333333333333332
3 0.546375 0.05616666666666666 0.07325 0.10833333333333332
3 0.62075 0.03666666666666667 0.0395 0.06533333333333333
0 0.621625 0.21366666666666667 0.06125 0.018
0 0.60275 0.30916666666666665 0.0275 0.007
0 0.636875 0.3158333333333333 0.04575 0.02033333333333333
0 0.605875 0.37366666666666665 0.029750000000000002 0.008666666666666666
0 0.61875 0.48133333333333334 0.0095 0.03133333333333333
0 0.6535 0.5268333333333333 0.0195 0.065
3 0.1365 0.135 0.055 0.27
0 0.1815 0.034333333333333334 0.0235 0.06866666666666667
