0 0.298 0.2816666666666667 0.0385 0.5466666666666666
0 0.181875 0.33899999999999997 0.11775000000000001 0.051333333333333335
0 0.40975 0.36366666666666664 0.152 0.046
0 0.5035000000000001 0.4305 0.0305 0.657
0 0.508375 0.04566666666666667 0.02925 0.082
0 0.45787500000000003 0.13983333333333334 0.03425 0.08566666666666667
0 0.36262500000000003 0.16083333333333333 0.02775 0.10833333333333332
0 0.485375 0.848 0.02225 0.13599999999999998
0 0.414625 0.9628333333333333 0.05075 0.07366666666666666
0 0.6168750000000001 0.29366666666666663 0.06375 0.14933333333333332
0 0.716875 0.49416666666666664 0.043750000000000004 0.061
0 0.9550000000000001 0.6585 0.0895 0.019
