0 0.130375 0.105 0.03925 0.18
0 0.02 0.347 0.0315 0.2753333333333333
2 0.0965 0.38316666666666666 0.1155 0.028999999999999998
0 0.202625 0.374 0.06775 0.026666666666666665
0 0.230375 0.2985 0.12325 0.034999999999999996
0 0.33575 0.299 0.067 0.08
0 0.32475 0.18183333333333332 0.025 0.056999999999999995
0 0.39437500000000003 0.1085 0.01875 0.19633333333333333
0 0.0225 0.778 0.043500000000000004 0.118
0 0.16625 0.8253333333333333 0.2485 0.056666666666666664
0 0.309 0.7198333333333333 0.1665 0.041666666666666664
0 0.753625 0.019333333333333334 0.05425 0.03733333333333333
0 0.746125 0.18033333333333332 0.02225 0.19133333333333333
0 0.787625 0.386 0.21925 0.048666666666666664
0 0.521625 0.207 0.051750000000000004 0.3973333333333333
0 0.61975 0.18783333333333332 0.048 0.3743333333333333
0 0.59325 0.896 0.0155 0.18533333333333332
0 0.448 0.9256666666666666 0.0615 0.082
2 0.649 0.7945 0.4565 0.018333333333333333
2 0.6637500000000001 0.42266666666666663 0.4855 0.022
2 0.6647500000000001 0.057666666666666665 0.492 0.021333333333333333
0 0.514125 0.7128333333333333 0.02925 0.5736666666666667
0 0.46825 0.9818333333333333 0.0915 0.024999999999999998
0 0.59125 0.9891666666666666 0.139 0.020999999999999998
0 0.57475 0.152 0.0685 0.04733333333333333
0 0.666875 0.5008333333333334 0.01325 0.9976666666666666
