0 0.469375 0.06316666666666666 0.02875 0.125
0 0.40675 0.442 0.115 0.064
0 0.42762500000000003 0.537 0.01925 0.12
0 0.4425 0.7995 0.0345 0.3903333333333333
0 0.51725 0.6278333333333334 0.1115 0.05233333333333333
0 0.6707500000000001 0.050833333333333335 0.0315 0.079
0 0.72475 0.05983333333333333 0.0365 0.11833333333333333
0 0.732375 0.3408333333333333 0.03375 0.305
0 0.704375 0.7555 0.03125 0.48833333333333334
0 0.622625 0.9406666666666667 0.05225 0.118
0 0.51 0.9183333333333333 0.0985 0.04466666666666667
0 0.503125 0.8178333333333333 0.01375 0.07833333333333332
2 0.5715 0.146 0.4485 0.04466666666666667
2 0.63025 0.5041666666666667 0.393 0.019666666666666666
2 0.60575 0.8653333333333333 0.177 0.020666666666666667
2 0.382375 0.849 0.10975 0.029333333333333333
0 0.57875 0.4978333333333333 0.043500000000000004 0.9956666666666666
2 0.37725000000000003 0.4945 0.0765 0.026333333333333334
2 0.48612500000000003 0.8566666666666667 0.06075 0.02
