0 0.508625 0.39766666666666667 0.01375 0.33
0 0.536625 0.9098333333333333 0.09875 0.043
0 0.4625 0.9698333333333333 0.0235 0.059666666666666666
0 0.721125 0.7865 0.02625 0.42633333333333334
0 0.773625 0.3441666666666667 0.02125 0.28099999999999997
0 0.62275 0.09716666666666667 0.0225 0.185
0 0.47550000000000003 0.09899999999999999 0.0465 0.17333333333333334
0 0.453625 0.3728333333333333 0.02875 0.26766666666666666
0 0.47100000000000003 0.5475 0.2275 0.033
0 0.400375 0.6823333333333333 0.03225 0.11533333333333333
2 0.5595 0.21733333333333332 0.3875 0.03
2 0.56425 0.5876666666666667 0.40700000000000003 0.044
0 0.5593750000000001 0.3185 0.05275 0.029666666666666664
0 0.58725 0.501 0.017 0.9973333333333333
2 0.584125 0.9421666666666666 0.41375 0.018333333333333333
0 0.509875 0.7585 0.02075 0.29366666666666663
