2 0.562625 0.6093333333333333 0.24225 0.030666666666666665
2 0.56075 0.18883333333333333 0.243 0.037
0 0.214375 0.08033333333333333 0.20575000000000002 0.064
0 0.1325 0.22649999999999998 0.255 0.051666666666666666
0 0.03825 0.1765 0.0635 0.021666666666666667
0 0.149625 0.426 0.09075 0.035333333333333335
0 0.247625 0.477 0.14075000000000001 0.041999999999999996
0 0.096875 0.5451666666666667 0.18225 0.05433333333333333
0 0.19975 0.7926666666666666 0.3935 0.102
0 0.0805 0.9141666666666667 0.157 0.11166666666666666
0 0.52075 0.08316666666666667 0.0285 0.163
0 0.526875 0.28983333333333333 0.021750000000000002 0.18433333333333332
0 0.561 0.41516666666666663 0.2665 0.051666666666666666
0 0.621375 0.29733333333333334 0.01675 0.19933333333333333
0 0.548875 0.5248333333333333 0.03975 0.163
0 0.624875 0.5213333333333333 0.03775 0.16533333333333333
0 0.576375 0.8093333333333333 0.03875 0.38066666666666665
2 0.4965 0.7865 0.1455 0.024999999999999998
1 0.77425 0.5093333333333333 0.1165 0.043333333333333335
1 0.8915000000000001 0.5008333333333334 0.101 0.033666666666666664
2 0.821625 0.6128333333333333 0.22075 0.017666666666666667
0 0.455625 0.3555 0.05675 0.07433333333333333
0 0.704 0.5068333333333334 0.023 0.9856666666666666
