0 0.031875 0.6346666666666666 0.04075 0.224
0 0.106 0.6838333333333333 0.1095 0.022333333333333334
0 0.209 0.6551666666666667 0.065 0.034333333333333334
0 0.232 0.598 0.134 0.034666666666666665
0 0.256875 0.697 0.04925 0.022666666666666665
0 0.3255 0.6074999999999999 0.043500000000000004 0.056999999999999995
0 0.3175 0.48566666666666664 0.025 0.041999999999999996
0 0.136125 0.42083333333333334 0.03225 0.16566666666666666
0 0.242875 0.2816666666666667 0.09425 0.09533333333333333
0 0.532875 0.178 0.03625 0.356
0 0.46950000000000003 0.19366666666666665 0.089 0.026666666666666665
0 0.539 0.5195 0.059500000000000004 0.27899999999999997
0 0.60825 0.5251666666666667 0.0365 0.29633333333333334
0 0.619375 0.22416666666666665 0.04575 0.22366666666666665
0 0.72075 0.17433333333333334 0.029 0.3446666666666667
0 0.771625 0.17266666666666666 0.02725 0.3453333333333333
0 0.7907500000000001 0.6841666666666666 0.23 0.05633333333333333
0 0.732875 0.5148333333333334 0.01525 0.29233333333333333
0 0.51575 0.8421666666666666 0.043000000000000003 0.315
2 0.654875 0.7233333333333333 0.48625 0.020666666666666667
2 0.6607500000000001 0.35633333333333334 0.4895 0.02
0 0.396 0.4145 0.025500000000000002 0.21633333333333332
0 0.579125 0.45349999999999996 0.03675 0.026333333333333334
