0 0.205625 0.3075 0.40375 0.10833333333333332
0 0.0425 0.47783333333333333 0.0845 0.049666666666666665
0 0.06375 0.6213333333333333 0.1065 0.04466666666666667
0 0.058375 0.7923333333333333 0.02925 0.17333333333333334
0 0.136875 0.8531666666666666 0.11075 0.043666666666666666
0 0.6065 0.49216666666666664 0.0755 0.9563333333333333
0 0.5513750000000001 0.9844999999999999 0.24625 0.030333333333333334
0 0.8835000000000001 0.9754999999999999 0.2325 0.04833333333333333
0 0.4955 0.298 0.17500000000000002 0.029333333333333333
2 0.494 0.5978333333333333 0.14350000000000002 0.03233333333333333
2 0.70225 0.6011666666666666 0.10300000000000001 0.021666666666666667
2 0.69625 0.08416666666666667 0.095 0.027666666666666666
2 0.88325 0.09083333333333334 0.225 0.041
2 0.496125 0.08183333333333333 0.14775 0.03233333333333333
2 0.87675 0.6108333333333333 0.233 0.027666666666666666
0 0.7030000000000001 0.7041666666666666 0.0805 0.016999999999999998
0 0.488875 0.7511666666666666 0.13075 0.026333333333333334
0 0.758375 0.5111666666666667 0.03025 0.977
