0 0.45787500000000003 0.075 0.025750000000000002 0.14466666666666667
0 0.4805 0.487 0.055 0.542
0 0.508 0.8978333333333333 0.02 0.20366666666666666
0 0.45437500000000003 0.8855 0.02125 0.19633333333333333
0 0.64075 0.5895 0.0475 0.3123333333333333
0 0.7518750000000001 0.20466666666666666 0.05375 0.38866666666666666
0 0.733875 0.5559999999999999 0.02075 0.29333333333333333
0 0.775375 0.888 0.04225 0.21066666666666667
0 0.544625 0.8783333333333333 0.06625 0.022
0 0.5605 0.478 0.055 0.05533333333333333
0 0.52925 0.18433333333333332 0.1445 0.026
2 0.595 0.4073333333333333 0.49 0.026666666666666665
2 0.6275000000000001 0.7678333333333333 0.2265 0.041
2 0.440375 0.7736666666666666 0.16075 0.024
2 0.64425 0.04716666666666666 0.4415 0.018333333333333333
0 0.59575 0.5021666666666667 0.0415 0.995
0 0.43525 0.14066666666666666 0.017 0.15933333333333333
0 0.39575 0.14016666666666666 0.051000000000000004 0.015666666666666666
