0 0.48325 0.03166666666666666 0.212 0.048666666666666664
0 0.74075 0.22799999999999998 0.0415 0.33799999999999997
0 0.5145 0.2855 0.022 0.211
0 0.53725 0.4136666666666666 0.1285 0.057999999999999996
0 0.4815 0.5403333333333333 0.035500000000000004 0.18
0 0.70725 0.6425 0.1985 0.033666666666666664
0 0.477875 0.6808333333333333 0.23725000000000002 0.049666666666666665
0 0.48475 0.8528333333333333 0.022 0.28099999999999997
2 0.415125 0.9431666666666666 0.11975000000000001 0.022333333333333334
2 0.54775 0.9666666666666667 0.0985 0.030666666666666665
0 0.749625 0.8275 0.03725 0.32166666666666666
0 0.689375 0.7973333333333333 0.02225 0.27999999999999997
0 0.6012500000000001 0.5013333333333333 0.017 0.9966666666666666
2 0.47450000000000003 0.8083333333333333 0.249 0.015333333333333332
2 0.7025 0.7953333333333333 0.1995 0.022666666666666665
0 0.460125 0.9764999999999999 0.03075 0.041
2 0.652 0.437 0.0845 0.012
