0 0.216875 0.15183333333333332 0.42925 0.09633333333333333
0 0.199375 0.22599999999999998 0.15425 0.03333333333333333
0 0.604375 0.111 0.34325 0.04733333333333333
0 0.6275000000000001 0.5108333333333334 0.145 0.037
0 0.59075 0.6461666666666667 0.023 0.13233333333333333
0 0.705 0.9325 0.11800000000000001 0.022333333333333334
2 0.6108750000000001 0.22533333333333333 0.34225 0.03133333333333333
2 0.604 0.7531666666666667 0.3095 0.028333333333333332
2 0.89075 0.7473333333333333 0.20700000000000002 0.022666666666666665
0 0.90175 0.09166666666666666 0.1665 0.03333333333333333
2 0.889375 0.22849999999999998 0.19675 0.017666666666666667
0 0.781375 0.509 0.03075 0.9813333333333333
