0 0.039125 0.024666666666666667 0.07825 0.028666666666666667
0 0.060125 0.356 0.02425 0.13133333333333333
0 0.124875 0.41666666666666663 0.09925 0.042666666666666665
0 0.213625 0.5916666666666667 0.41875 0.08666666666666667
0 0.712375 0.537 0.57475 0.06466666666666666
0 0.59475 0.33116666666666666 0.065 0.385
0 0.62175 0.067 0.025 0.132
2 0.262125 0.6565 0.29375 0.034333333333333334
0 0.55675 0.9408333333333333 0.215 0.049666666666666665
2 0.595875 0.13166666666666665 0.32575 0.03333333333333333
2 0.59875 0.65 0.326 0.022
2 0.896 0.648 0.20750000000000002 0.03733333333333333
2 0.887625 0.12633333333333333 0.21625 0.020666666666666667
0 0.771625 0.5115 0.02375 0.9763333333333333
