1 0.567625 0.3883333333333333 0.40725 0.056666666666666664
0 0.425375 0.18416666666666667 0.05075 0.3516666666666666
0 0.485375 0.16649999999999998 0.04225 0.3183333333333333
0 0.400375 0.6051666666666666 0.02775 0.321
0 0.44675000000000004 0.7231666666666666 0.035 0.5529999999999999
0 0.386125 0.8261666666666666 0.07675 0.028333333333333332
0 0.502625 0.865 0.08225 0.07133333333333333
2 0.582 0.757 0.482 0.024
0 0.71975 0.172 0.048 0.296
0 0.653 0.5741666666666666 0.0315 0.24766666666666665
0 0.733625 0.4523333333333333 0.051250000000000004 0.051333333333333335
0 0.571625 0.5021666666666667 0.02075 0.995
2 0.559125 0.0195 0.42225 0.029666666666666664
