0 0.416125 0.526 0.059250000000000004 0.9473333333333332
0 0.639625 0.1575 0.03925 0.30366666666666664
0 0.6687500000000001 0.7193333333333333 0.05 0.5606666666666666
0 0.75825 0.7943333333333333 0.026000000000000002 0.296
0 0.63075 0.6665 0.0835 0.016999999999999998
0 0.50275 0.6968333333333333 0.131 0.05566666666666666
0 0.350125 0.6595 0.07375 0.025666666666666667
0 0.506125 0.882 0.12075 0.022666666666666665
0 0.514375 0.298 0.13275 0.06266666666666666
2 0.480875 0.3728333333333333 0.35775 0.020999999999999998
0 0.352 0.2095 0.0655 0.03766666666666667
0 0.49675 0.49516666666666664 0.035 0.299
0 0.580125 0.5021666666666667 0.03475 0.995
2 0.595875 0.8296666666666667 0.56825 0.024666666666666667
0 0.6218750000000001 0.88 0.05425 0.015333333333333332
1 0.63375 0.3438333333333333 0.075 0.041
1 0.725625 0.36966666666666664 0.10975 0.03333333333333333
0 0.838875 0.39666666666666667 0.10125 0.05333333333333333
