2 0.591125 0.35633333333333334 0.59675 0.016666666666666666
2 0.58125 0.8173333333333334 0.605 0.03266666666666666
0 0.426875 0.38416666666666666 0.04625 0.755
0 0.45937500000000003 0.9231666666666667 0.03425 0.153
0 0.6675 0.5796666666666667 0.0335 0.41133333333333333
0 0.6775 0.9275 0.0265 0.141
0 0.623 0.9301666666666666 0.101 0.025666666666666667
0 0.785625 0.9228333333333333 0.18975 0.028999999999999998
0 0.75675 0.6445 0.035 0.179
0 0.6965 0.16366666666666665 0.0455 0.29133333333333333
0 0.779875 0.2255 0.05075 0.179
0 0.523 0.204 0.1385 0.06
0 0.3595 0.17533333333333334 0.08750000000000001 0.032
0 0.582 0.5003333333333333 0.036000000000000004 0.9986666666666666
0 0.65025 0.18 0.0835 0.028666666666666667
