2 0.44725000000000004 0.5131666666666667 0.224 0.028333333333333332
2 0.572625 0.869 0.48925 0.048666666666666664
0 0.461625 0.07733333333333334 0.20875 0.07333333333333333
0 0.6665 0.06266666666666666 0.0285 0.118
2 0.59075 0.13966666666666666 0.47850000000000004 0.017333333333333333
0 0.654875 0.3238333333333333 0.01675 0.3263333333333333
0 0.706125 0.355 0.02225 0.238
1 0.612125 0.5123333333333333 0.08125 0.034666666666666665
0 0.723625 0.7108333333333333 0.03425 0.27166666666666667
0 0.42512500000000003 0.7211666666666666 0.03275 0.26566666666666666
0 0.3665 0.8056666666666666 0.0555 0.038
0 0.42 0.944 0.04 0.11133333333333333
0 0.696875 0.9446666666666667 0.03175 0.11
0 0.5730000000000001 0.5045 0.034 0.9903333333333333
0 0.495375 0.7755 0.12025 0.06033333333333333
0 0.50775 0.4523333333333333 0.1145 0.056666666666666664
0 0.45537500000000003 0.32216666666666666 0.03275 0.357
1 0.697125 0.5083333333333333 0.08575 0.033999999999999996
2 0.775375 0.5121666666666667 0.07275 0.015
1 0.63675 0.15266666666666667 0.052000000000000005 0.022
