0 0.435375 0.13466666666666666 0.03075 0.24266666666666667
0 0.470375 0.4275 0.02775 0.3143333333333333
0 0.4315 0.8055 0.04 0.3883333333333333
0 0.49462500000000004 0.948 0.10225000000000001 0.05266666666666667
0 0.63975 0.5078333333333334 0.0365 0.9836666666666667
0 0.683 0.8568333333333333 0.0315 0.2856666666666667
0 0.4515 0.5955 0.197 0.05233333333333333
0 0.6880000000000001 0.371 0.242 0.03
0 0.7205 0.6288333333333334 0.145 0.041
0 0.5135 0.7939999999999999 0.1115 0.044
2 0.5690000000000001 0.6516666666666666 0.47200000000000003 0.019333333333333334
2 0.567375 0.2815 0.48475 0.027666666666666666
0 0.561375 0.5021666666666667 0.03625 0.9936666666666666
