0 0.4175 0.7716666666666666 0.0465 0.45599999999999996
0 0.352125 0.8483333333333333 0.08425 0.05333333333333333
0 0.504625 0.9341666666666666 0.11925000000000001 0.08566666666666667
0 0.613 0.976 0.08 0.041999999999999996
0 0.62575 0.7506666666666666 0.03 0.4066666666666667
0 0.419375 0.33366666666666667 0.04725 0.3913333333333333
2 0.596125 0.089 0.62525 0.03133333333333333
2 0.600625 0.5503333333333333 0.57775 0.034666666666666665
0 0.450375 0.12266666666666666 0.28025 0.032
0 0.583875 0.497 0.03125 0.994
