2 0.5886250000000001 0.3908333333333333 0.48275 0.018333333333333333
2 0.5815 0.7593333333333333 0.47700000000000004 0.048666666666666664
0 0.459 0.48416666666666663 0.222 0.06366666666666666
0 0.435875 0.41983333333333334 0.02425 0.036333333333333336
0 0.440375 0.6313333333333333 0.01925 0.204
0 0.486875 0.8778333333333334 0.04075 0.181
0 0.44675000000000004 0.214 0.0365 0.3273333333333333
0 0.41250000000000003 0.13216666666666665 0.0235 0.179
0 0.752125 0.055 0.035750000000000004 0.09333333333333332
0 0.56975 0.5016666666666667 0.0275 0.996
