0 0.411875 0.5073333333333333 0.03925 0.9846666666666666
0 0.46175 0.6723333333333333 0.0275 0.322
2 0.434375 0.48566666666666664 0.22275 0.020666666666666667
0 0.665875 0.434 0.22425 0.08
0 0.6793750000000001 0.8518333333333333 0.02425 0.09633333333333333
0 0.68875 0.07733333333333334 0.021 0.12466666666666666
0 0.685125 0.6126666666666667 0.02725 0.12466666666666666
0 0.756875 0.13833333333333334 0.09275 0.030666666666666665
2 0.572375 0.09766666666666667 0.47875 0.02333333333333333
2 0.558125 0.8428333333333333 0.47975 0.027
0 0.5525 0.5016666666666667 0.0175 0.996
0 0.36462500000000003 0.5055 0.05475 0.024333333333333332
