0 0.40975 0.4998333333333333 0.0465 0.9996666666666666
0 0.66825 0.4085 0.055 0.303
0 0.34725 0.885 0.067 0.048666666666666664
1 0.486875 0.8831666666666667 0.10225000000000001 0.06566666666666666
0 0.666625 0.8218333333333333 0.24475 0.07566666666666666
0 0.74625 0.5343333333333333 0.101 0.02733333333333333
0 0.347625 0.20416666666666666 0.059250000000000004 0.03166666666666666
2 0.45787500000000003 0.12866666666666665 0.28575 0.024
2 0.7565000000000001 0.11683333333333333 0.08600000000000001 0.017666666666666667
1 0.624625 0.124 0.04675 0.026
1 0.6945 0.12683333333333333 0.039 0.03166666666666666
2 0.662625 0.11699999999999999 0.02375 0.013333333333333332
1 0.41125 0.21083333333333332 0.05 0.03966666666666666
2 0.557 0.5001666666666666 0.47350000000000003 0.029666666666666664
2 0.6655 0.8613333333333333 0.251 0.022666666666666665
0 0.541375 0.5006666666666667 0.01125 0.998
0 0.493375 0.185 0.09525 0.032
