0 0.255875 0.23083333333333333 0.02875 0.441
2 0.258875 0.4528333333333333 0.27975 0.034333333333333334
0 0.498 0.5563333333333333 0.1215 0.5546666666666666
0 0.4555 0.12883333333333333 0.0445 0.255
0 0.521625 0.126 0.03475 0.252
0 0.568375 0.16533333333333333 0.02325 0.19466666666666665
0 0.498 0.8523333333333333 0.185 0.05933333333333333
0 0.5407500000000001 0.9488333333333333 0.043000000000000003 0.079
2 0.269625 0.8841666666666667 0.25825 0.039
0 0.3745 0.125 0.059500000000000004 0.24866666666666665
0 0.408375 0.5016666666666667 0.02275 0.996
0 0.608875 0.015 0.04825 0.03
2 0.5221250000000001 0.2635 0.23125 0.03966666666666666
0 0.6178750000000001 0.9673333333333333 0.12275 0.033999999999999996
2 0.62375 0.886 0.109 0.024666666666666667
