0 0.20350000000000001 0.5003333333333333 0.025 0.9973333333333333
0 0.48662500000000003 0.1575 0.02625 0.315
0 0.465375 0.6649999999999999 0.03225 0.6693333333333333
2 0.397 0.9616666666666667 0.11800000000000001 0.033999999999999996
0 0.12612500000000001 0.327 0.09625 0.04466666666666667
0 0.279625 0.319 0.09075 0.05533333333333333
0 0.21525 0.8885 0.225 0.028999999999999998
2 0.345125 0.7253333333333333 0.46975 0.03333333333333333
2 0.40175 0.31716666666666665 0.152 0.023
2 0.54025 0.3255 0.075 0.028999999999999998
0 0.410875 0.146 0.02425 0.2753333333333333
0 0.304375 0.016 0.03725 0.026666666666666665
0 0.256125 0.1065 0.01925 0.20166666666666666
0 0.32775 0.5003333333333333 0.018000000000000002 0.9986666666666666
2 0.204875 0.23099999999999998 0.24775 0.020666666666666667
