0 0.3205 0.026166666666666664 0.0565 0.05233333333333333
0 0.532625 0.024666666666666667 0.08775000000000001 0.041999999999999996
2 0.5417500000000001 0.32366666666666666 0.221 0.02333333333333333
0 0.264125 0.7211666666666666 0.04525 0.42566666666666664
0 0.26825 0.3373333333333333 0.034 0.29333333333333333
0 0.525875 0.6475 0.02425 0.23233333333333334
0 0.3405 0.9046666666666666 0.1135 0.082
0 0.558625 0.7823333333333333 0.04975 0.4333333333333333
0 0.616125 0.9664999999999999 0.06375 0.056999999999999995
0 0.503625 0.844 0.02275 0.11333333333333333
0 0.543125 0.5071666666666667 0.22475 0.04766666666666666
2 0.419375 0.0775 0.46425 0.025666666666666667
2 0.30675 0.4965 0.23500000000000001 0.027666666666666666
2 0.303 0.9631666666666666 0.21 0.034999999999999996
3 0.472875 0.9318333333333333 0.08575 0.06366666666666666
0 0.4245 0.5006666666666667 0.019 0.998
0 0.46387500000000004 0.008 0.05725 0.016
