0 0.352375 0.031166666666666665 0.20725000000000002 0.056999999999999995
0 0.331125 0.42033333333333334 0.03225 0.7173333333333333
0 0.2675 0.33066666666666666 0.1015 0.019333333333333334
0 0.3945 0.3175 0.10400000000000001 0.029666666666666664
0 0.53525 0.18433333333333332 0.025500000000000002 0.358
0 0.505875 0.6388333333333334 0.04425 0.32966666666666666
0 0.508 0.9308333333333333 0.0225 0.13766666666666666
0 0.571875 0.6551666666666667 0.02775 0.297
0 0.61475 0.6425 0.038 0.26766666666666666
0 0.587875 0.1175 0.04725 0.20833333333333331
0 0.561125 0.938 0.02025 0.118
0 0.312875 0.9158333333333333 0.01925 0.163
0 0.39025 0.9126666666666666 0.045 0.17266666666666666
2 0.452875 0.8265 0.42275 0.051666666666666666
2 0.55475 0.005666666666666666 0.1865 0.011333333333333332
0 0.556 0.36716666666666664 0.1895 0.039
0 0.536 0.4141666666666666 0.0165 0.107
2 0.388125 0.37866666666666665 0.31625000000000003 0.022
0 0.455125 0.4995 0.021750000000000002 0.999
