0 0.25275000000000003 0.2623333333333333 0.043500000000000004 0.4613333333333333
0 0.52125 0.17483333333333334 0.026000000000000002 0.24433333333333332
0 0.556125 0.26116666666666666 0.04425 0.437
0 0.584 0.49166666666666664 0.098 0.057999999999999996
0 0.521875 0.6136666666666667 0.04575 0.27266666666666667
0 0.565875 0.6231666666666666 0.02475 0.26766666666666666
0 0.509625 0.8821666666666667 0.09925 0.235
0 0.339125 0.43716666666666665 0.12175 0.11633333333333333
0 0.36575 0.6116666666666667 0.04 0.19333333333333333
0 0.260375 0.6536666666666666 0.03925 0.2793333333333333
0 0.49562500000000004 0.38316666666666666 0.02925 0.159
0 0.467375 0.6268333333333334 0.02625 0.24633333333333332
1 0.47325 0.4598333333333333 0.109 0.06833333333333333
0 0.341875 0.1055 0.14325000000000002 0.051666666666666666
2 0.29925 0.028999999999999998 0.2315 0.016
0 0.532875 0.027666666666666666 0.22575 0.04466666666666667
2 0.526625 0.7585 0.22975 0.037
2 0.305375 0.5031666666666667 0.22875 0.018333333333333333
0 0.47350000000000003 0.10383333333333333 0.1075 0.035666666666666666
0 0.41675 0.5013333333333333 0.025 0.9966666666666666
