0 0.33175 0.7683333333333333 0.20500000000000002 0.04133333333333333
0 0.298375 0.885 0.02425 0.22933333333333333
0 0.376 0.8845 0.025 0.23033333333333333
0 0.38875 0.345 0.0575 0.6526666666666666
0 0.50825 0.20216666666666666 0.0335 0.35233333333333333
0 0.502375 0.8753333333333333 0.02725 0.24866666666666665
0 0.567375 0.219 0.03375 0.26866666666666666
2 0.539375 0.7513333333333333 0.19575 0.024
2 0.439 0.3913333333333333 0.402 0.015333333333333332
1 0.29925 0.02333333333333333 0.1145 0.020666666666666667
0 0.313125 0.3973333333333333 0.04225 0.712
1 0.588875 0.012166666666666666 0.06925 0.024333333333333332
2 0.404625 0.021166666666666667 0.08775000000000001 0.019
2 0.48275 0.023 0.0675 0.014
0 0.44 0.501 0.025500000000000002 0.9973333333333333
0 0.537 0.537 0.075 0.30066666666666664
0 0.483 0.27216666666666667 0.067 0.027666666666666666
0 0.47775 0.07433333333333333 0.052000000000000005 0.03333333333333333
