0 0.34800000000000003 0.086 0.032 0.172
0 0.5745 0.0905 0.043500000000000004 0.181
0 0.619625 0.08516666666666667 0.03925 0.161
0 0.64025 0.4533333333333333 0.1465 0.024666666666666667
0 0.619375 0.7781666666666667 0.01675 0.20433333333333334
2 0.28125 0.6271666666666667 0.07 0.018333333333333333
0 0.418625 0.63 0.11925000000000001 0.03333333333333333
0 0.419375 0.08916666666666666 0.014750000000000001 0.17833333333333332
0 0.42425 0.29933333333333334 0.023 0.2373333333333333
0 0.52025 0.43366666666666664 0.07050000000000001 0.033999999999999996
2 0.483125 0.17866666666666667 0.46925 0.016
2 0.457625 0.894 0.42225 0.024666666666666667
0 0.357875 0.4031666666666667 0.035750000000000004 0.441
0 0.342875 0.8183333333333334 0.043250000000000004 0.36266666666666664
0 0.48175 0.5025 0.0195 0.9943333333333333
0 0.551 0.642 0.14200000000000002 0.06533333333333333
0 0.55275 0.31016666666666665 0.0235 0.25366666666666665
0 0.5605 0.535 0.011 0.18733333333333332
1 0.433 0.16633333333333333 0.025500000000000002 0.033999999999999996
1 0.468 0.16799999999999998 0.0325 0.032
1 0.505625 0.16799999999999998 0.021750000000000002 0.020666666666666667
1 0.5533750000000001 0.18 0.02875 0.030666666666666665
1 0.59375 0.1655 0.036000000000000004 0.03966666666666666
2 0.600375 0.5371666666666667 0.22825 0.016999999999999998
2 0.67025 0.6786666666666666 0.0725 0.021333333333333333
