0 0.345125 0.42516666666666664 0.06725 0.8236666666666667
0 0.5565 0.13699999999999998 0.037 0.2513333333333333
0 0.511375 0.10933333333333332 0.06375 0.018
0 0.640875 0.13649999999999998 0.12425 0.021666666666666667
0 0.562625 0.32166666666666666 0.16775 0.08
0 0.61325 0.45916666666666667 0.0195 0.20366666666666666
0 0.57575 0.9031666666666667 0.203 0.06766666666666667
0 0.543 0.966 0.021500000000000002 0.04666666666666666
0 0.364 0.9036666666666666 0.218 0.05933333333333333
0 0.43175 0.9673333333333333 0.065 0.04
0 0.2745 0.30733333333333335 0.07050000000000001 0.024666666666666667
0 0.421125 0.30033333333333334 0.09625 0.04666666666666666
2 0.525 0.5688333333333333 0.28 0.029666666666666664
2 0.45775 0.21133333333333332 0.161 0.025333333333333333
2 0.6441250000000001 0.21233333333333332 0.12975 0.017333333333333333
0 0.47450000000000003 0.44816666666666666 0.014 0.885
0 0.474875 0.965 0.01325 0.06933333333333333
2 0.274 0.5785 0.069 0.014333333333333333
