0 0.351375 0.141 0.02275 0.282
0 0.441875 0.1585 0.02775 0.30766666666666664
0 0.5445 0.1765 0.0165 0.22566666666666665
0 0.5740000000000001 0.189 0.018000000000000002 0.21733333333333332
0 0.5555 0.5351666666666667 0.043500000000000004 0.45899999999999996
0 0.617375 0.15983333333333333 0.051750000000000004 0.2783333333333333
0 0.596625 0.816 0.20075 0.034666666666666665
1 0.389375 0.9413333333333334 0.20725000000000002 0.035333333333333335
0 0.463625 0.8955 0.05275 0.039
2 0.561 0.014833333333333332 0.1215 0.020999999999999998
2 0.686875 0.027 0.06375 0.02733333333333333
0 0.575125 0.9149999999999999 0.02425 0.16933333333333334
0 0.49575 0.5016666666666667 0.017 0.996
2 0.49175 0.2995 0.4505 0.014333333333333333
2 0.50175 0.6548333333333333 0.43 0.019
0 0.62925 0.5538333333333333 0.034 0.497
0 0.630375 0.9053333333333333 0.02325 0.18866666666666665
0 0.359125 0.6236666666666666 0.02325 0.6246666666666666
2 0.409375 0.010499999999999999 0.16875 0.020999999999999998
