0 0.370875 0.177 0.03425 0.3506666666666667
0 0.659 0.2603333333333333 0.0535 0.506
0 0.632 0.716 0.0245 0.3193333333333333
0 0.40650000000000003 0.7098333333333333 0.2 0.039
0 0.3875 0.866 0.043500000000000004 0.2673333333333333
2 0.407125 0.427 0.21425 0.035333333333333335
0 0.58325 0.22616666666666665 0.07200000000000001 0.025666666666666667
2 0.63725 0.8773333333333333 0.233 0.02733333333333333
2 0.41400000000000003 0.5353333333333333 0.203 0.020666666666666667
2 0.406 0.20016666666666666 0.2265 0.029666666666666664
0 0.51975 0.5013333333333333 0.018000000000000002 0.9966666666666666
2 0.63225 0.17933333333333332 0.2195 0.024666666666666667
2 0.633375 0.5321666666666667 0.21875 0.018333333333333333
0 0.69175 0.5825 0.1015 0.024999999999999998
