2 0.6128750000000001 0.6679999999999999 0.22975 0.018
2 0.625375 0.30516666666666664 0.22475 0.026333333333333334
0 0.400875 0.127 0.19575 0.03733333333333333
0 0.623625 0.15166666666666667 0.02925 0.30333333333333334
0 0.369 0.3506666666666667 0.043500000000000004 0.4066666666666667
0 0.316625 0.5963333333333333 0.08725000000000001 0.04066666666666666
0 0.3785 0.7906666666666666 0.0315 0.418
0 0.575375 0.8421666666666666 0.02925 0.315
0 0.64125 0.8434999999999999 0.025 0.31033333333333335
0 0.61825 0.4465 0.222 0.03833333333333333
0 0.644 0.5648333333333333 0.0195 0.20366666666666666
0 0.58225 0.39749999999999996 0.047 0.05433333333333333
0 0.508625 0.501 0.01375 0.9973333333333333
1 0.45587500000000003 0.5598333333333333 0.09675 0.049666666666666665
1 0.384125 0.5696666666666667 0.04775 0.021333333333333333
0 0.388375 0.31366666666666665 0.23175 0.012
2 0.38325000000000004 0.6661666666666667 0.227 0.023666666666666666
