0 0.63625 0.036333333333333336 0.018000000000000002 0.07266666666666667
0 0.400625 0.22466666666666665 0.04575 0.25466666666666665
0 0.4255 0.6659999999999999 0.1235 0.05266666666666667
0 0.303375 0.6496666666666666 0.10525 0.026666666666666665
0 0.530625 0.5335 0.07175000000000001 0.021666666666666667
0 0.596625 0.5315 0.05275 0.023
0 0.681875 0.5336666666666666 0.09175 0.03266666666666666
2 0.699375 0.7246666666666667 0.07575 0.024666666666666667
3 0.704 0.5756666666666667 0.028 0.035333333333333335
0 0.491875 0.5025 0.02075 0.9943333333333333
2 0.493375 0.35733333333333334 0.47925 0.019333333333333334
2 0.48925 0.7208333333333333 0.4815 0.016999999999999998
2 0.529875 0.074 0.06275 0.014
0 0.597625 0.06733333333333333 0.08025 0.02333333333333333
0 0.665875 0.08333333333333333 0.05375 0.024
0 0.633 0.30616666666666664 0.0265 0.473
0 0.62725 0.7711666666666667 0.035 0.45699999999999996
2 0.408875 0.091 0.16525 0.018666666666666665
0 0.371625 0.5005 0.02825 0.283
0 0.5533750000000001 0.034499999999999996 0.01175 0.06899999999999999
0 0.562375 0.3 0.029750000000000002 0.45599999999999996
0 0.566875 0.7645 0.021750000000000002 0.4703333333333333
0 0.349875 0.829 0.02075 0.3413333333333333
