0 0.451875 0.5031666666666667 0.03925 0.993
3 0.695625 0.126 0.20375000000000001 0.2373333333333333
0 0.635125 0.9288333333333333 0.09575 0.016999999999999998
0 0.7015 0.9179999999999999 0.033 0.15066666666666667
0 0.7565000000000001 0.36983333333333335 0.0955 0.030333333333333334
0 0.75075 0.4805 0.093 0.036333333333333336
2 0.472125 0.607 0.21325 0.016
2 0.691625 0.5953333333333333 0.21825 0.012666666666666666
2 0.47700000000000004 0.26766666666666666 0.21 0.014
2 0.6945 0.2563333333333333 0.225 0.01
0 0.5760000000000001 0.5025 0.018000000000000002 0.993
0 0.6178750000000001 0.6593333333333333 0.07275 0.03333333333333333
2 0.903875 0.4671666666666667 0.19175 0.015
2 0.901375 0.7396666666666667 0.19425 0.020666666666666667
2 0.90625 0.18 0.187 0.013333333333333332
0 0.9105 0.5031666666666667 0.027 0.993
0 0.63975 0.35416666666666663 0.0525 0.183
0 0.656 0.519 0.0585 0.14666666666666667
0 0.701125 0.5566666666666666 0.02875 0.06866666666666667
0 0.6735 0.716 0.049 0.23399999999999999
0 0.75275 0.7353333333333333 0.098 0.04466666666666667
0 0.748125 0.62 0.06325 0.046
0 0.404125 0.29033333333333333 0.06125 0.025333333333333333
2 0.5225 0.2788333333333333 0.10250000000000001 0.007
2 0.75 0.8406666666666667 0.0925 0.026666666666666665
0 0.63275 0.9696666666666667 0.0155 0.06
