0 0.642875 0.29316666666666663 0.035750000000000004 0.417
0 0.695875 0.36666666666666664 0.02875 0.3793333333333333
0 0.748625 0.5483333333333333 0.08075 0.020666666666666667
0 0.470625 0.9353333333333333 0.01225 0.076
2 0.571125 0.16483333333333333 0.43125 0.03833333333333333
2 0.570125 0.49216666666666664 0.43025 0.030333333333333334
2 0.578 0.818 0.41350000000000003 0.015333333333333332
0 0.575875 0.5035 0.017750000000000002 0.9923333333333333
0 0.688875 0.6881666666666666 0.02775 0.24966666666666665
0 0.59875 0.5346666666666666 0.0325 0.02
