0 0.5205 0.055 0.058 0.08466666666666667
0 0.4565 0.2075 0.0415 0.35833333333333334
0 0.45437500000000003 0.42266666666666663 0.20975 0.034666666666666665
0 0.4515 0.7028333333333333 0.025 0.5509999999999999
0 0.5965 0.1765 0.035500000000000004 0.353
0 0.66925 0.3655 0.2085 0.036333333333333336
0 0.59025 0.46416666666666667 0.026000000000000002 0.165
0 0.635375 0.5193333333333333 0.02775 0.258
0 0.6155 0.8278333333333333 0.0395 0.3436666666666667
0 0.6355000000000001 0.20466666666666666 0.02 0.25666666666666665
0 0.68475 0.13233333333333333 0.032 0.2553333333333333
2 0.7378750000000001 0.015666666666666666 0.05425 0.03133333333333333
0 0.68225 0.5293333333333333 0.03 0.2573333333333333
2 0.45787500000000003 0.3378333333333333 0.21225 0.014333333333333333
2 0.6707500000000001 0.3388333333333333 0.217 0.007666666666666666
2 0.666 0.6525 0.202 0.017666666666666667
2 0.45975 0.6606666666666666 0.2095 0.021333333333333333
2 0.6655 0.014666666666666666 0.2095 0.012
2 0.474125 0.006166666666666667 0.16275 0.012333333333333333
0 0.563625 0.5021666666666667 0.02275 0.995
2 0.4485 0.99 0.2095 0.019333333333333334
0 0.638625 0.06016666666666667 0.07175000000000001 0.04766666666666666
0 0.700625 0.874 0.12075 0.03333333333333333
0 0.68925 0.8211666666666666 0.033 0.07366666666666666
0 0.7005 0.9421666666666666 0.026000000000000002 0.10833333333333332
