0 0.2567628494138864 0.1447602131438721 0.029305680793507663 0.2557726465364121
0 0.29215509467989176 0.33037300177619894 0.14878268710550044 0.04440497335701599
0 0.2578899909828674 0.4573712255772647 0.0351668169522092 0.20071047957371227
0 0.2551848512173129 0.5701598579040853 0.0775473399458972 0.03730017761989343
0 0.2567628494138864 0.691385435168739 0.07168620378719567 0.023978685612788632
0 0.32213706041478807 0.6327708703374778 0.029305680793507663 0.23357015985790408
0 0.28494138863841295 0.7912966252220249 0.14968440036068528 0.03730017761989343
0 0.271190261496844 0.9040852575488455 0.021190261496844002 0.18294849023090587
0 0.25698827772768257 0.6336589698046181 0.020739404869251576 0.10390763765541741
0 0.2608205590622182 0.7380106571936057 0.015779981965734897 0.06571936056838366
0 0.3279981965734896 0.9817939609236235 0.0987376014427412 0.03463587921847247
0 0.35121731289449953 0.6385435168738899 0.02344454463480613 0.2522202486678508
