0 0.4647135416666667 0.5027777777777778 0.012239583333333333 0.9935185185185186
0 0.5186197916666666 0.3539351851851852 0.2669270833333333 0.06712962962962964
0 0.3483072916666667 0.42662037037037037 0.06328125 0.07731481481481482
0 0.3807291666666667 0.48912037037037037 0.01614583333333333 0.17453703703703705
0 0.3419270833333333 0.12430555555555556 0.134375 0.011574074074074075
0 0.4876302083333333 0.8775462962962963 0.03828125 0.02361111111111111
0 0.08958333333333333 0.4979166666666667 0.03333333333333333 0.9958333333333333
0 0.028385416666666666 0.4979166666666667 0.030208333333333334 0.9958333333333333
0 0.06145833333333333 0.8599537037037037 0.044270833333333336 0.0375
0 0.05872395833333333 0.6090277777777778 0.03567708333333333 0.01990740740740741
0 0.054036458333333336 0.40902777777777777 0.03463541666666667 0.022685185185185187
