1 0.571484375 0.12847222222222224 0.049218750000000006 0.07083333333333333
1 0.571875 0.23125 0.043750000000000004 0.0625
1 0.567578125 0.3611111111111111 0.03828125 0.06944444444444445
1 0.5625 0.49375 0.026562500000000003 0.07361111111111111
0 0.578515625 0.7756944444444445 0.04296875 0.44583333333333336
0 0.761328125 0.5229166666666667 0.35546875 0.1375
0 0.56484375 0.4201388888888889 0.0140625 0.051388888888888894
0 0.5632812500000001 0.29444444444444445 0.0421875 0.05277777777777778
0 0.5632812500000001 0.04930555555555556 0.018750000000000003 0.09583333333333334
2 0.7765625 0.11319444444444444 0.35000000000000003 0.04583333333333334
2 0.27109375 0.15208333333333335 0.5328125 0.07361111111111111
