0 0.37890625 0.11458333333333334 0.0125 0.22083333333333335
0 0.38789062500000004 0.7166666666666667 0.013281250000000001 0.3805555555555556
2 0.366796875 0.7979166666666667 0.04453125 0.018055555555555557
0 0.34492187500000004 0.78125 0.01953125 0.43194444444444446
2 0.29921875000000003 0.5534722222222223 0.0890625 0.018055555555555557
0 0.217578125 0.23125 0.07265625 0.020833333333333336
0 0.18906250000000002 0.6243055555555556 0.026562500000000003 0.7486111111111111
0 0.714453125 0.2972222222222222 0.01953125 0.5777777777777778
2 0.8718750000000001 0.7361111111111112 0.1125 0.02777777777777778
0 0.323046875 0.21666666666666667 0.02421875 0.4222222222222222
