0 0.48281250000000003 0.3138888888888889 0.059375000000000004 0.5472222222222223
0 0.56875 0.22013888888888888 0.046875 0.4291666666666667
0 0.626171875 0.2798611111111111 0.07109375 0.5597222222222222
0 0.640234375 0.7826388888888889 0.06796875000000001 0.43194444444444446
0 0.7308593750000001 0.28402777777777777 0.05859375 0.5180555555555556
2 0.255078125 0.6402777777777778 0.49609375 0.12222222222222223
2 0.7152343750000001 0.5513888888888889 0.07421875 0.019444444444444445
0 0.386328125 0.2638888888888889 0.02890625 0.34444444444444444
0 0.528515625 0.7958333333333334 0.041406250000000006 0.40555555555555556
0 0.78515625 0.7548611111111111 0.0578125 0.42083333333333334
2 0.5593750000000001 0.5777777777777778 0.08281250000000001 0.022222222222222223
2 0.7937500000000001 0.5319444444444444 0.0671875 0.019444444444444445
