0 0.384375 0.34305555555555556 0.08125 0.28611111111111115
0 0.37929687500000003 0.6361111111111112 0.02421875 0.28055555555555556
0 0.408203125 0.8104166666666667 0.03359375 0.3763888888888889
0 0.44843750000000004 0.5854166666666667 0.043750000000000004 0.13194444444444445
0 0.5164062500000001 0.7236111111111111 0.07968750000000001 0.5444444444444445
0 0.61640625 0.9076388888888889 0.035937500000000004 0.18194444444444446
0 0.7585937500000001 0.7972222222222223 0.08125 0.3888888888888889
0 0.8441406250000001 0.8291666666666667 0.06328125 0.3388888888888889
0 0.49726562500000004 0.08472222222222223 0.022656250000000003 0.16111111111111112
0 0.61875 0.49236111111111114 0.1015625 0.6652777777777779
1 0.683203125 0.9013888888888889 0.055468750000000004 0.15833333333333333
0 0.5945312500000001 0.09444444444444444 0.018750000000000003 0.09722222222222222
0 0.8695312500000001 0.5048611111111111 0.0765625 0.29305555555555557
0 0.9109375000000001 0.7520833333333333 0.0234375 0.1875
1 0.7156250000000001 0.41111111111111115 0.028125 0.1
1 0.7308593750000001 0.5361111111111111 0.039843750000000004 0.11388888888888889
1 0.6824218750000001 0.27361111111111114 0.03515625 0.07777777777777778
2 0.248828125 0.22847222222222224 0.19296875000000002 0.05694444444444444
0 0.35390625000000003 0.09791666666666667 0.029687500000000002 0.19583333333333333
2 0.42812500000000003 0.18125 0.1203125 0.029166666666666667
2 0.547265625 0.1527777777777778 0.07265625 0.022222222222222223
2 0.6253906250000001 0.13125 0.06796875000000001 0.02638888888888889
0 0.50703125 0.20347222222222222 0.0140625 0.07083333333333333
0 0.45351562500000003 0.23819444444444446 0.01640625 0.1125
