0 0.162890625 0.39583333333333337 0.12734375 0.7916666666666667
0 0.340625 0.3736111111111111 0.051562500000000004 0.7472222222222222
0 0.42500000000000004 0.3666666666666667 0.046875 0.7333333333333334
1 0.48125 0.06666666666666667 0.018750000000000003 0.08055555555555556
1 0.5515625000000001 0.11666666666666667 0.043750000000000004 0.20277777777777778
1 0.5109375 0.26319444444444445 0.045312500000000006 0.08472222222222223
0 0.498828125 0.1638888888888889 0.03359375 0.09444444444444444
0 0.524609375 0.39375 0.02421875 0.1375
2 0.09921875000000001 0.8284722222222223 0.184375 0.0625
0 0.44296875 0.8680555555555556 0.021875000000000002 0.2611111111111111
0 0.362109375 0.8805555555555555 0.02421875 0.23611111111111113
0 0.23398437500000002 0.8979166666666667 0.02734375 0.2013888888888889
2 0.29296875 0.7763888888888889 0.1 0.036111111111111115
2 0.3984375 0.7472222222222222 0.05 0.019444444444444445
2 0.5078125 0.7159722222222222 0.1015625 0.03194444444444445
