0 0.272265625 0.5111111111111112 0.07421875 0.9750000000000001
0 0.508203125 0.06041666666666667 0.04453125 0.09305555555555556
0 0.508984375 0.3541666666666667 0.039843750000000004 0.3138888888888889
0 0.6488281250000001 0.5847222222222223 0.22109375 0.8277777777777778
1 0.5144531250000001 0.1423611111111111 0.03359375 0.04583333333333334
1 0.521875 0.5638888888888889 0.03125 0.08055555555555556
2 0.12578125 0.25833333333333336 0.22187500000000002 0.058333333333333334
2 0.40703125 0.19097222222222224 0.1640625 0.04861111111111111
2 0.630078125 0.14097222222222222 0.18359375 0.051388888888888894
0 0.669140625 0.06458333333333334 0.02109375 0.10416666666666667
0 0.09843750000000001 0.7298611111111112 0.046875 0.5375
