0 0.2109375 0.44097222222222227 0.0890625 0.8291666666666667
0 0.292578125 0.9326388888888889 0.02421875 0.13194444444444445
0 0.315234375 0.4618055555555556 0.06484375 0.7152777777777778
0 0.46914062500000003 0.3979166666666667 0.05078125 0.6875
0 0.558203125 0.10069444444444445 0.05390625 0.1875
0 0.622265625 0.36458333333333337 0.05390625 0.7291666666666667
0 0.650390625 0.8812500000000001 0.07421875 0.23472222222222222
0 0.71875 0.4013888888888889 0.084375 0.5694444444444444
0 0.790625 0.4048611111111111 0.03125 0.1763888888888889
0 0.770703125 0.8138888888888889 0.022656250000000003 0.11111111111111112
2 0.151171875 0.9118055555555555 0.26484375 0.09027777777777778
2 0.45039062500000004 0.8090277777777778 0.33046875000000003 0.11805555555555557
2 0.7699218750000001 0.7048611111111112 0.23046875 0.07083333333333333
