0 0.17539062500000002 0.5201388888888889 0.04296875 0.9569444444444445
0 0.23828125 0.13125 0.028125 0.21805555555555556
0 0.4078125 0.49930555555555556 0.0890625 0.9986111111111111
0 0.465625 0.8930555555555556 0.0328125 0.2111111111111111
0 0.47695312500000003 0.6986111111111112 0.02734375 0.11666666666666667
1 0.47421875 0.4013888888888889 0.034375 0.20277777777777778
0 0.45742187500000003 0.16041666666666668 0.04296875 0.32083333333333336
0 0.6265625 0.36597222222222225 0.07968750000000001 0.7069444444444445
0 0.6589843750000001 0.8472222222222222 0.08984375 0.3027777777777778
0 0.5 0.6520833333333333 0.053125000000000006 0.3125
1 0.54140625 0.888888888888889 0.05625 0.14722222222222223
0 0.563671875 0.9777777777777779 0.01640625 0.04166666666666667
0 0.6000000000000001 0.9458333333333334 0.021875000000000002 0.10555555555555556
