0 0.1328125 0.08819444444444445 0.05625 0.1763888888888889
0 0.24375000000000002 0.5861111111111111 0.06875 0.8250000000000001
0 0.29140625000000003 0.4527777777777778 0.0390625 0.2555555555555556
0 0.31875000000000003 0.125 0.028125 0.2388888888888889
0 0.41445312500000003 0.6527777777777778 0.07265625 0.6916666666666667
0 0.455859375 0.059722222222222225 0.05078125 0.11388888888888889
0 0.483203125 0.3513888888888889 0.06640625 0.46111111111111114
1 0.520703125 0.6611111111111111 0.03515625 0.13611111111111113
0 0.546875 0.8673611111111111 0.037500000000000006 0.2625
1 0.532421875 0.02847222222222222 0.025781250000000002 0.05694444444444444
0 0.60546875 0.5493055555555556 0.09531250000000001 0.8986111111111111
0 0.710546875 0.3340277777777778 0.11640625 0.08750000000000001
0 0.732421875 0.46944444444444444 0.02421875 0.18333333333333335
0 0.654296875 0.04236111111111111 0.013281250000000001 0.08472222222222223
0 0.7046875 0.8798611111111111 0.065625 0.23750000000000002
0 0.546875 0.07777777777777778 0.0171875 0.044444444444444446
0 0.221484375 0.08402777777777778 0.01953125 0.16805555555555557
2 0.082421875 0.19097222222222224 0.15234375 0.029166666666666667
2 0.19101562500000002 0.16736111111111113 0.03515625 0.0125
2 0.5078125 0.11458333333333334 0.109375 0.02638888888888889
2 0.606640625 0.0951388888888889 0.08203125 0.020833333333333336
2 0.3875 0.13541666666666669 0.109375 0.02361111111111111
0 0.1640625 0.20625000000000002 0.015625 0.06527777777777778
0 0.6796875 0.14652777777777778 0.034375 0.1125
2 0.6898437500000001 0.07777777777777778 0.060937500000000006 0.025
