0 0.309375 0.18125 0.028125 0.35694444444444445
0 0.53359375 0.15347222222222223 0.1078125 0.30694444444444446
0 0.451953125 0.16597222222222222 0.05390625 0.33194444444444443
0 0.663671875 0.15069444444444444 0.03671875 0.25416666666666665
0 0.523828125 0.45416666666666666 0.05234375 0.2555555555555556
0 0.572265625 0.7937500000000001 0.055468750000000004 0.40972222222222227
2 0.169921875 0.40555555555555556 0.27109375 0.075
0 0.36875 0.6847222222222222 0.1046875 0.6277777777777778
0 0.4703125 0.46944444444444444 0.026562500000000003 0.2638888888888889
0 0.59609375 0.45208333333333334 0.035937500000000004 0.26805555555555555
2 0.6371093750000001 0.2965277777777778 0.08828125 0.02638888888888889
2 0.71484375 0.27847222222222223 0.0546875 0.015277777777777779
0 0.70625 0.42986111111111114 0.053125000000000006 0.27083333333333337
