0 0.176171875 0.6472222222222223 0.07578125000000001 0.7027777777777778
0 0.268359375 0.6951388888888889 0.02890625 0.6069444444444445
0 0.11679687500000001 0.11180555555555556 0.02421875 0.1486111111111111
0 0.45703125 0.27569444444444446 0.07500000000000001 0.15972222222222224
0 0.5144531250000001 0.27708333333333335 0.03515625 0.19305555555555556
0 0.446875 0.38125000000000003 0.0625 0.05416666666666667
0 0.50546875 0.7027777777777778 0.0734375 0.5916666666666667
0 0.6273437500000001 0.4673611111111111 0.05 0.3513888888888889
0 0.6824218750000001 0.8138888888888889 0.03828125 0.36944444444444446
1 0.370703125 0.08263888888888889 0.049218750000000006 0.1125
1 0.38593750000000004 0.20625000000000002 0.026562500000000003 0.07916666666666666
1 0.39609375 0.3590277777777778 0.035937500000000004 0.10138888888888889
0 0.421484375 0.7000000000000001 0.06640625 0.5861111111111111
0 0.38007812500000004 0.2833333333333333 0.017968750000000002 0.06666666666666667
