0 0.31328125 0.28194444444444444 0.051562500000000004 0.5083333333333333
0 0.333984375 0.7840277777777778 0.06484375 0.4291666666666667
0 0.39296875000000003 0.05486111111111111 0.018750000000000003 0.07916666666666666
0 0.68359375 0.8770833333333333 0.13125 0.24305555555555555
0 0.7898437500000001 0.53125 0.0171875 0.07361111111111111
2 0.14921875 0.5986111111111111 0.2984375 0.08888888888888889
2 0.68125 0.4652777777777778 0.2078125 0.05555555555555556
0 0.535546875 0.2520833333333333 0.07109375 0.4763888888888889
0 0.572265625 0.5486111111111112 0.02890625 0.1
1 0.59609375 0.7277777777777779 0.045312500000000006 0.21944444444444444
0 0.616796875 0.9194444444444445 0.03359375 0.15555555555555556
2 0.43203125000000003 0.5270833333333333 0.2421875 0.05694444444444444
