0 0.608984375 0.3902777777777778 0.09453125000000001 0.7305555555555556
0 0.7839843750000001 0.25 0.07890625000000001 0.49444444444444446
0 0.7914062500000001 0.6118055555555556 0.0421875 0.21805555555555556
0 0.9632812500000001 0.2729166666666667 0.07187500000000001 0.4847222222222222
2 0.44648437500000004 0.81875 0.39140625 0.12083333333333333
0 0.248828125 0.33263888888888893 0.02734375 0.06805555555555556
0 0.8343750000000001 0.6020833333333333 0.028125 0.2013888888888889
0 0.819921875 0.8506944444444445 0.04609375 0.2847222222222222
2 0.72421875 0.7409722222222223 0.12187500000000001 0.0375
2 0.96875 0.6770833333333334 0.060937500000000006 0.018055555555555557
0 0.6804687500000001 0.8812500000000001 0.065625 0.23472222222222222
0 0.8894531250000001 0.5986111111111111 0.08515625 0.16111111111111112
0 0.8699218750000001 0.9444444444444445 0.041406250000000006 0.10833333333333334
0 0.8984375 0.7833333333333333 0.1125 0.13333333333333333
0 0.9656250000000001 0.9152777777777779 0.03125 0.16666666666666669
