0 0.4609375 0.16953125000000002 0.035937500000000004 0.3296875
0 0.5847656250000001 0.13789062500000002 0.022656250000000003 0.26015625000000003
0 0.56015625 0.745703125 0.046875 0.50546875
0 0.606640625 0.6390625000000001 0.04453125 0.03125
3 0.7039062500000001 0.651953125 0.15156250000000002 0.14765625000000002
0 0.21601562500000002 0.6394531250000001 0.07109375 0.29453125
0 0.282421875 0.582421875 0.014843750000000001 0.59765625
3 0.4625 0.45742187500000003 0.19375 0.25390625
3 0.5007812500000001 0.65546875 0.09531250000000001 0.12812500000000002
3 0.401171875 0.689453125 0.13203125000000002 0.07734375
0 0.447265625 0.8703125 0.09765625 0.2578125
3 0.66796875 0.18281250000000002 0.059375000000000004 0.33906250000000004
