0 0.321875 0.544140625 0.06406250000000001 0.022656250000000003
0 0.45820312500000004 0.548828125 0.17890625000000002 0.03515625
0 0.42695312500000004 0.055859375 0.032031250000000004 0.10390625
0 0.4234375 0.365234375 0.040625 0.34296875000000004
3 0.480078125 0.25078125 0.07265625 0.484375
0 0.544921875 0.260546875 0.032031250000000004 0.52109375
0 0.41523437500000004 0.6667968750000001 0.032031250000000004 0.23515625
3 0.5 0.737890625 0.11093750000000001 0.17109375000000002
3 0.416015625 0.9015625 0.05390625 0.1953125
0 0.54609375 0.90234375 0.026562500000000003 0.1796875
3 0.7054687500000001 0.8187500000000001 0.1484375 0.253125
0 0.751171875 0.37343750000000003 0.032031250000000004 0.33906250000000004
3 0.76484375 0.10234375000000001 0.0484375 0.203125
3 0.822265625 0.168359375 0.05390625 0.33671875
1 0.7937500000000001 0.6101562500000001 0.065625 0.0921875
1 0.8972656250000001 0.5964843750000001 0.08046875 0.08359375000000001
3 0.8207031250000001 0.9164062500000001 0.055468750000000004 0.1640625
0 0.5625 0.608984375 0.0328125 0.13359375
0 0.6273437500000001 0.67109375 0.09843750000000001 0.034375
0 0.67109375 0.587890625 0.037500000000000006 0.13203125000000002
0 0.6214843750000001 0.529296875 0.10703125000000001 0.04296875
0 0.616796875 0.201953125 0.05859375 0.02421875
