0 0.23398437500000002 0.78125 0.03671875 0.43125
0 0.55 0.75 0.051562500000000004 0.49843750000000003
0 0.503125 0.578515625 0.043750000000000004 0.15859375
0 0.46640625 0.839453125 0.0171875 0.14296875
0 0.5453125 0.246484375 0.05 0.49453125000000003
0 0.60859375 0.035937500000000004 0.0703125 0.0734375
3 0.71640625 0.05390625 0.13125 0.1
3 0.40468750000000003 0.068359375 0.13593750000000002 0.10703125000000001
3 0.515234375 0.058984375000000006 0.08984375 0.10546875
0 0.48281250000000003 0.28203125 0.0484375 0.23750000000000002
0 0.2921875 0.257421875 0.0171875 0.5164062500000001
