0 0.513671875 0.09726562500000001 0.10234375000000001 0.18046875
0 0.625 0.0921875 0.096875 0.0859375
0 0.7410156250000001 0.246875 0.21640625000000002 0.043750000000000004
0 0.677734375 0.516796875 0.18203125 0.07734375
0 0.43867187500000004 0.18984375 0.15234375 0.043750000000000004
0 0.394140625 0.084375 0.03359375 0.15000000000000002
0 0.38320312500000003 0.36796875 0.03828125 0.3015625
0 0.31875000000000003 0.34414062500000003 0.060937500000000006 0.03515625
0 0.385546875 0.534765625 0.06171875 0.03828125
0 0.31015625 0.619140625 0.0484375 0.03671875
0 0.31484375000000003 0.6644531250000001 0.037500000000000006 0.03828125
0 0.38515625000000003 0.696484375 0.015625 0.09609375
0 0.326171875 0.805859375 0.01953125 0.08828125
3 0.6000000000000001 0.21796875000000002 0.0703125 0.084375
3 0.5007812500000001 0.36835937500000004 0.09062500000000001 0.31953125000000004
3 0.587890625 0.333984375 0.08984375 0.07109375
0 0.51171875 0.701171875 0.037500000000000006 0.33828125000000003
0 0.598046875 0.843359375 0.022656250000000003 0.17578125
0 0.7203125 0.76328125 0.018750000000000003 0.1609375
0 0.462890625 0.6882812500000001 0.06796875000000001 0.0203125
