0 0.5109375 0.20078125000000002 0.029687500000000002 0.34375
0 0.6218750000000001 0.15351562500000002 0.0546875 0.30546875
0 0.6097656250000001 0.57578125 0.02734375 0.5015625
0 0.61875 0.8269531250000001 0.084375 0.01953125
0 0.7644531250000001 0.833984375 0.20234375000000002 0.02421875
0 0.91171875 0.841015625 0.05625 0.02890625
0 0.655859375 0.9125000000000001 0.01953125 0.16562500000000002
0 0.673046875 0.67109375 0.05390625 0.30312500000000003
0 0.47695312500000003 0.54921875 0.041406250000000006 0.08281250000000001
3 0.5183593750000001 0.7347656250000001 0.13203125000000002 0.13203125000000002
1 0.5554687500000001 0.83125 0.0328125 0.028125
1 0.512890625 0.9296875 0.12734375 0.1390625
0 0.8125 0.5750000000000001 0.040625 0.40468750000000003
0 0.7578125 0.917578125 0.0203125 0.16328125000000002
1 0.616796875 0.312109375 0.01640625 0.01640625
1 0.798828125 0.244140625 0.01171875 0.02109375
1 0.7972656250000001 0.40625 0.01640625 0.0171875
