0 0.632421875 0.20468750000000002 0.022656250000000003 0.40468750000000003
0 0.487109375 0.28125 0.04609375 0.5625
0 0.5328125 0.572265625 0.16875 0.047656250000000004
0 0.48867187500000003 0.747265625 0.05234375 0.28203125
0 0.601171875 0.80078125 0.05078125 0.39687500000000003
0 0.52578125 0.847265625 0.028125 0.30390625000000004
0 0.558984375 0.958984375 0.03515625 0.01953125
3 0.68515625 0.73359375 0.09375 0.215625
0 0.6550781250000001 0.468359375 0.025781250000000002 0.07109375
0 0.6941406250000001 0.45625000000000004 0.07109375 0.037500000000000006
0 0.7765625 0.540234375 0.1046875 0.025781250000000002
1 0.8515625 0.5421875 0.043750000000000004 0.053125000000000006
0 0.9324218750000001 0.319921875 0.022656250000000003 0.26484375
0 0.9281250000000001 0.58515625 0.021875000000000002 0.2234375
