0 0.5457031250000001 0.216796875 0.18359375 0.02734375
0 0.59765625 0.6082031250000001 0.078125 0.7820312500000001
0 0.500390625 0.28515625 0.017968750000000002 0.1296875
0 0.504296875 0.701171875 0.049218750000000006 0.59609375
0 0.421484375 0.21953125 0.057031250000000006 0.0203125
0 0.75390625 0.084375 0.07968750000000001 0.0859375
0 0.7601562500000001 0.6875 0.0578125 0.6062500000000001
0 0.565625 0.12382812500000001 0.026562500000000003 0.14921875
0 0.6800781250000001 0.14609375 0.06953125 0.08281250000000001
0 0.8703125 0.13671875 0.1453125 0.029687500000000002
