0 0.41914062500000004 0.342578125 0.05390625 0.02109375
0 0.515625 0.338671875 0.10312500000000001 0.02734375
0 0.562109375 0.1625 0.032031250000000004 0.325
0 0.58828125 0.51953125 0.053125000000000006 0.35781250000000003
0 0.6277343750000001 0.8539062500000001 0.03671875 0.278125
0 0.504296875 0.7562500000000001 0.049218750000000006 0.4703125
0 0.753125 0.21445312500000002 0.0921875 0.10390625
0 0.8363281250000001 0.2515625 0.07265625 0.0203125
0 0.913671875 0.2625 0.057031250000000006 0.0171875
0 0.6796875 0.26953125 0.0578125 0.0765625
3 0.763671875 0.34882812500000004 0.05078125 0.15234375
0 0.758984375 0.720703125 0.03671875 0.41640625000000003
3 0.66953125 0.5906250000000001 0.060937500000000006 0.096875
3 0.7777343750000001 0.465625 0.11640625 0.07500000000000001
