3 0.34218750000000003 0.19140625 0.05625 0.225
3 0.40937500000000004 0.16875 0.045312500000000006 0.31875000000000003
3 0.455859375 0.49921875000000004 0.041406250000000006 0.99375
0 0.346484375 0.6484375 0.01640625 0.6734375
3 0.38984375000000004 0.528515625 0.060937500000000006 0.34140625
3 0.749609375 0.501953125 0.05390625 0.9945312500000001
3 0.67734375 0.5015625 0.059375000000000004 0.9953125
3 0.61328125 0.5007812500000001 0.046875 0.9968750000000001
3 0.55859375 0.5007812500000001 0.046875 0.9828125000000001
0 0.40234375 0.8578125000000001 0.028125 0.23125
