3 0.7390625000000001 0.500390625 0.0578125 0.99765625
3 0.657421875 0.501953125 0.07109375 0.98984375
3 0.578515625 0.8929687500000001 0.11171875 0.21250000000000002
0 0.536328125 0.5078125 0.013281250000000001 0.08281250000000001
0 0.567578125 0.551953125 0.02890625 0.18359375
0 0.5984375000000001 0.5007812500000001 0.035937500000000004 0.2546875
3 0.441015625 0.5 0.06171875 0.9984375000000001
3 0.343359375 0.18046875 0.09296875 0.35781250000000003
3 0.34765625 0.676953125 0.10312500000000001 0.62890625
3 0.23945312500000002 0.6039062500000001 0.030468750000000003 0.15625
