0 0.571484375 0.5535156250000001 0.022656250000000003 0.33671875
0 0.531640625 0.5078125 0.017968750000000002 0.11875000000000001
3 0.6449218750000001 0.49609375 0.06328125 0.99375
3 0.7117187500000001 0.499609375 0.0578125 0.99921875
0 0.7679687500000001 0.9046875000000001 0.021875000000000002 0.15781250000000002
3 0.419921875 0.501171875 0.06171875 0.99609375
3 0.35976562500000003 0.12265625000000001 0.047656250000000004 0.246875
3 0.3015625 0.09296875 0.0546875 0.18125000000000002
0 0.3015625 0.5496093750000001 0.015625 0.7273437500000001
0 0.323828125 0.8910156250000001 0.02109375 0.21640625000000002
0 0.33906250000000004 0.323046875 0.0171875 0.13515625
0 0.366796875 0.45234375000000004 0.02734375 0.4078125
