3 0.71015625 0.49765625 0.059375000000000004 0.9968750000000001
3 0.636328125 0.498828125 0.06015625 0.99921875
3 0.40664062500000003 0.49921875000000004 0.07578125000000001 0.99
3 0.31640625 0.35703125 0.09375 0.7156250000000001
0 0.355078125 0.858984375 0.013281250000000001 0.28046875
0 0.33242187500000003 0.794921875 0.00859375 0.16484375
0 0.295703125 0.8167968750000001 0.013281250000000001 0.20859375000000002
0 0.5632812500000001 0.9378906250000001 0.021875000000000002 0.12265625000000001
0 0.523046875 0.964453125 0.01640625 0.06953125
0 0.5921875 0.29335937500000003 0.026562500000000003 0.31171875000000004
0 0.7484375000000001 0.06601562500000001 0.018750000000000003 0.10078125
