3 0.7503906250000001 0.503125 0.06484375 0.9906250000000001
3 0.6742187500000001 0.500390625 0.0578125 0.99765625
3 0.614453125 0.498828125 0.05078125 0.99921875
3 0.456640625 0.292578125 0.06328125 0.58515625
3 0.36445312500000004 0.061328125000000004 0.12109375 0.11640625
0 0.35195312500000003 0.265234375 0.025781250000000002 0.28828125
0 0.405078125 0.4140625 0.02421875 0.5671875000000001
3 0.35078125000000004 0.51171875 0.06875 0.17343750000000002
0 0.346484375 0.683203125 0.013281250000000001 0.16640625
3 0.370703125 0.64375 0.03515625 0.084375
3 0.345703125 0.890625 0.041406250000000006 0.2171875
3 0.40156250000000004 0.8835937500000001 0.0484375 0.23125
