0 0.267578125 0.177734375 0.13359375 0.11796875000000001
0 0.323046875 0.41718750000000004 0.03828125 0.340625
0 0.4265625 0.5378906250000001 0.0328125 0.22109375
0 0.44140625 0.800390625 0.0140625 0.07578125000000001
0 0.4265625 0.9285156250000001 0.021875000000000002 0.14140625
2 0.7800781250000001 0.46015625000000004 0.20078125000000002 0.0171875
3 0.6746093750000001 0.7464843750000001 0.06953125 0.11640625
3 0.6781250000000001 0.966796875 0.060937500000000006 0.06484375
0 0.6804687500000001 0.8679687500000001 0.025 0.125
3 0.6605468750000001 0.296484375 0.06328125 0.58515625
0 0.858984375 0.275390625 0.01953125 0.33515625000000004
0 0.24921875000000002 0.712890625 0.015625 0.06015625
0 0.268359375 0.83984375 0.01171875 0.08281250000000001
0 0.585546875 0.15585937500000002 0.02890625 0.28984375
0 0.741796875 0.23203125000000002 0.03515625 0.3171875
3 0.7933593750000001 0.18125000000000002 0.055468750000000004 0.3609375
0 0.8046875 0.412109375 0.009375000000000001 0.10390625
0 0.36875 0.276171875 0.0203125 0.23359375000000002
