3 0.323828125 0.069140625 0.25859375 0.11015625000000001
2 0.843359375 0.10234375000000001 0.17109375000000002 0.0234375
2 0.16875 0.051953125 0.0671875 0.01953125
0 0.5171875 0.456640625 0.0734375 0.030468750000000003
0 0.5808593750000001 0.35468750000000004 0.03359375 0.2328125
0 0.5789062500000001 0.597265625 0.0328125 0.23359375000000002
0 0.257421875 0.6820312500000001 0.14765625000000002 0.1203125
0 0.314453125 0.8703125 0.03515625 0.2578125
0 0.859375 0.79296875 0.018750000000000003 0.35468750000000004
0 0.802734375 0.036328125 0.01640625 0.07265625
0 0.809765625 0.30898437500000003 0.03828125 0.40859375000000003
0 0.7890625 0.564453125 0.043750000000000004 0.041406250000000006
0 0.8539062500000001 0.467578125 0.018750000000000003 0.07890625000000001
3 0.791015625 0.6726562500000001 0.05234375 0.1453125
0 0.32734375000000004 0.176171875 0.028125 0.11328125
0 0.366015625 0.21210937500000002 0.014843750000000001 0.06796875000000001
0 0.6625000000000001 0.559765625 0.018750000000000003 0.16171875000000002
0 0.637890625 0.63828125 0.02421875 0.15781250000000002
3 0.6238281250000001 0.8621093750000001 0.11328125 0.27421875
0 0.735546875 0.72578125 0.03828125 0.275
0 0.80234375 0.9382812500000001 0.0140625 0.12187500000000001
0 0.735546875 0.9703125 0.11953125 0.015625
0 0.8285156250000001 0.9730468750000001 0.05234375 0.017968750000000002
0 0.8812500000000001 0.938671875 0.0140625 0.11484375000000001
0 0.46523437500000003 0.5515625000000001 0.013281250000000001 0.23125
0 0.5886718750000001 0.03671875 0.01953125 0.0734375
0 0.550390625 0.08125 0.12890625 0.026562500000000003
3 0.6882812500000001 0.103515625 0.11406250000000001 0.05390625
0 0.65 0.03671875 0.021875000000000002 0.07187500000000001
