0 0.380859375 0.20078125000000002 0.014843750000000001 0.39687500000000003
0 0.38203125000000004 0.7738281250000001 0.034375 0.45078125
3 0.32109375 0.872265625 0.0546875 0.25390625
3 0.448046875 0.853515625 0.09296875 0.09296875
0 0.6203125 0.8519531250000001 0.029687500000000002 0.13828125
3 0.6734375 0.62890625 0.060937500000000006 0.7359375
0 0.58515625 0.5593750000000001 0.0140625 0.1484375
0 0.58828125 0.7933593750000001 0.0125 0.13671875
3 0.739453125 0.5808593750000001 0.039843750000000004 0.20234375000000002
0 0.74375 0.37734375000000003 0.03125 0.14375000000000002
0 0.633984375 0.17265625 0.055468750000000004 0.08125
0 0.441015625 0.7410156250000001 0.041406250000000006 0.04453125
