3 0.77265625 0.499609375 0.05625 0.99921875
3 0.8503906250000001 0.6160156250000001 0.07578125000000001 0.7664062500000001
3 0.8539062500000001 0.06875 0.078125 0.1390625
3 0.578515625 0.5 0.03828125 0.9984375000000001
3 0.6351562500000001 0.5 0.05 0.9984375000000001
3 0.701171875 0.501953125 0.07890625000000001 0.9945312500000001
3 0.252734375 0.24140625000000002 0.11015625000000001 0.4703125
3 0.21484375 0.74140625 0.0484375 0.515625
0 0.323828125 0.38046875 0.022656250000000003 0.13593750000000002
0 0.35078125000000004 0.52890625 0.028125 0.18125000000000002
0 0.36757812500000003 0.93671875 0.02109375 0.11875000000000001
0 0.375 0.7679687500000001 0.025 0.11406250000000001
