2 0.166015625 0.663671875 0.07109375 0.017968750000000002
3 0.389453125 0.68515625 0.11328125 0.1015625
3 0.225390625 0.683203125 0.04609375 0.07578125000000001
0 0.5437500000000001 0.6980468750000001 0.1875 0.02734375
2 0.8421875000000001 0.719921875 0.17500000000000002 0.025781250000000002
0 0.80078125 0.8609375 0.0203125 0.2765625
0 0.7996093750000001 0.427734375 0.01953125 0.5085937500000001
0 0.577734375 0.5164062500000001 0.030468750000000003 0.29531250000000003
3 0.690625 0.71484375 0.11093750000000001 0.053125000000000006
0 0.5859375 0.9261718750000001 0.035937500000000004 0.12421875
0 0.63671875 0.8660156250000001 0.0203125 0.26640625
3 0.64375 0.34492187500000004 0.051562500000000004 0.68671875
3 0.716796875 0.079296875 0.057031250000000006 0.14921875
3 0.8304687500000001 0.053515625000000004 0.1453125 0.10703125000000001
3 0.7074218750000001 0.253125 0.06953125 0.1765625
0 0.7058593750000001 0.55078125 0.06796875000000001 0.035937500000000004
0 0.23593750000000002 0.30000000000000004 0.029687500000000002 0.5765625
3 0.31679687500000003 0.482421875 0.06484375 0.29921875000000003
3 0.299609375 0.137109375 0.06796875000000001 0.26328125
3 0.38906250000000003 0.216796875 0.084375 0.39921875
3 0.5703125 0.182421875 0.0703125 0.34921875
3 0.85859375 0.408203125 0.09375 0.57734375
0 0.7781250000000001 0.5140625 0.037500000000000006 0.028125
0 0.7738281250000001 0.5730468750000001 0.03828125 0.02109375
