0 0.353125 0.8675781250000001 0.015625 0.15234375
0 0.35273437500000004 0.06015625 0.01015625 0.10625000000000001
0 0.357421875 0.32343750000000004 0.01640625 0.35625
0 0.335546875 0.57421875 0.02109375 0.12187500000000001
0 0.40625 0.376953125 0.0125 0.06484375
0 0.5390625 0.45937500000000003 0.026562500000000003 0.034375
0 0.6328125 0.15390625000000002 0.0140625 0.11875000000000001
0 0.616796875 0.8656250000000001 0.01640625 0.1125
0 0.43046875 0.7347656250000001 0.1 0.04296875
0 0.5375 0.34375 0.0125 0.0578125
0 0.5300781250000001 0.40078125000000003 0.014843750000000001 0.046875
0 0.417578125 0.80234375 0.00703125 0.0328125
