3 0.278125 0.498828125 0.060937500000000006 0.99921875
0 0.342578125 0.499609375 0.03515625 0.99921875
0 0.371875 0.591015625 0.0203125 0.22265625
0 0.389453125 0.23554687500000002 0.030468750000000003 0.07890625000000001
0 0.39296875000000003 0.32734375000000004 0.015625 0.09062500000000001
0 0.408984375 0.408984375 0.02421875 0.10859375
0 0.416796875 0.59296875 0.05234375 0.21250000000000002
0 0.43867187500000004 0.852734375 0.030468750000000003 0.18984375
0 0.405859375 0.9378906250000001 0.041406250000000006 0.12265625000000001
0 0.39921875 0.784765625 0.0140625 0.07734375
0 0.447265625 0.2921875 0.04453125 0.3765625
0 0.451953125 0.046484375 0.017968750000000002 0.08984375
3 0.530859375 0.499609375 0.07109375 0.99921875
3 0.6000000000000001 0.5007812500000001 0.060937500000000006 0.9968750000000001
0 0.644140625 0.141015625 0.02109375 0.27734375
3 0.657421875 0.7468750000000001 0.04453125 0.5046875000000001
3 0.706640625 0.8453125 0.04453125 0.30781250000000004
3 0.7605468750000001 0.8992187500000001 0.055468750000000004 0.2
0 0.46406250000000004 0.66796875 0.0171875 0.096875
0 0.44179687500000003 0.7386718750000001 0.01015625 0.04453125
