0 0.265625 0.06601562500000001 0.026562500000000003 0.12734375
0 0.27382812500000003 0.56640625 0.03828125 0.8656250000000001
0 0.208984375 0.22382812500000002 0.04296875 0.03515625
0 0.31328125 0.223046875 0.021875000000000002 0.43671875000000004
0 0.33437500000000003 0.726171875 0.026562500000000003 0.54609375
0 0.3828125 0.6292968750000001 0.025 0.06953125
0 0.404296875 0.81953125 0.022656250000000003 0.1390625
0 0.405859375 0.9144531250000001 0.049218750000000006 0.10703125000000001
0 0.36171875000000003 0.9324218750000001 0.0171875 0.13359375
0 0.43867187500000004 0.6648437500000001 0.047656250000000004 0.34375
0 0.451953125 0.38125000000000003 0.03359375 0.153125
0 0.424609375 0.148046875 0.05078125 0.29765625
0 0.3953125 0.284375 0.043750000000000004 0.1546875
3 0.5183593750000001 0.5007812500000001 0.06015625 0.9968750000000001
3 0.60859375 0.321875 0.1046875 0.640625
3 0.585546875 0.819921875 0.06640625 0.35859375000000004
0 0.330859375 0.240625 0.013281250000000001 0.18906250000000002
0 0.34492187500000004 0.12578125 0.013281250000000001 0.2234375
0 0.34804687500000003 0.35585937500000003 0.01171875 0.18984375
0 0.38046875 0.712109375 0.0171875 0.08359375000000001
0 0.40703125 0.981640625 0.010937500000000001 0.03515625
