0 0.17578125 0.517578125 0.0125 0.31953125000000004
0 0.221484375 0.798046875 0.013281250000000001 0.40234375
3 0.314453125 0.5 0.07421875 0.9984375000000001
0 0.37343750000000003 0.1609375 0.0234375 0.3140625
0 0.373046875 0.6882812500000001 0.014843750000000001 0.6218750000000001
0 0.39296875000000003 0.6371093750000001 0.015625 0.22109375
0 0.43671875000000004 0.14179687500000002 0.0484375 0.19296875000000002
0 0.483203125 0.2265625 0.01171875 0.09375
0 0.45937500000000003 0.29609375 0.015625 0.0578125
0 0.455078125 0.409765625 0.03515625 0.19453125000000002
0 0.45546875000000003 0.71875 0.0890625 0.5609375
3 0.55 0.500390625 0.0671875 0.99765625
3 0.637890625 0.745703125 0.09140625000000001 0.50703125
3 0.63046875 0.118359375 0.08750000000000001 0.23671875
3 0.716796875 0.76484375 0.055468750000000004 0.46875
3 0.7742187500000001 0.927734375 0.059375000000000004 0.14296875
3 0.7683593750000001 0.48085937500000003 0.055468750000000004 0.27265625
