3 0.602734375 0.37421875000000004 0.16328125000000002 0.7453125
3 0.579296875 0.87265625 0.09296875 0.253125
3 0.716015625 0.31484375000000003 0.06328125 0.6296875000000001
0 0.45859375 0.40234375 0.0765625 0.8015625000000001
3 0.330078125 0.29296875 0.11953125 0.5875
0 0.37148437500000003 0.792578125 0.013281250000000001 0.41328125000000004
0 0.32148437500000004 0.794140625 0.02890625 0.41015625
0 0.25234375000000003 0.735546875 0.0328125 0.32890625
0 0.248046875 0.46953125 0.039843750000000004 0.1453125
0 0.166015625 0.15742187500000002 0.09921875000000001 0.057031250000000006
0 0.169921875 0.048828125 0.014843750000000001 0.09140625000000001
0 0.23007812500000002 0.09921875000000001 0.057031250000000006 0.0125
0 0.21640625000000002 0.370703125 0.0140625 0.37109375
0 0.403125 0.548046875 0.018750000000000003 0.05078125
3 0.736328125 0.9382812500000001 0.03671875 0.09843750000000001
