0 0.385546875 0.87265625 0.03828125 0.253125
0 0.3984375 0.6921875000000001 0.028125 0.11093750000000001
0 0.41484375 0.587890625 0.025 0.15859375
0 0.36835937500000004 0.5593750000000001 0.02734375 0.225
0 0.37812500000000004 0.4296875 0.025 0.10312500000000001
0 0.41640625000000003 0.41328125000000004 0.025 0.1375
0 0.4078125 0.33906250000000004 0.034375 0.05
0 0.38125000000000003 0.248828125 0.010937500000000001 0.12421875
0 0.41796875 0.2609375 0.0125 0.0765625
0 0.36796875 0.10039062500000001 0.0484375 0.16484375
0 0.416796875 0.094140625 0.030468750000000003 0.18359375
0 0.28671875 0.273046875 0.0171875 0.40546875000000004
0 0.312109375 0.68359375 0.01953125 0.5328125
3 0.330078125 0.35078125000000004 0.013281250000000001 0.15781250000000002
0 0.29296875 0.925 0.021875000000000002 0.1484375
0 0.287109375 0.7800781250000001 0.022656250000000003 0.14765625000000002
3 0.49648437500000003 0.08203125 0.055468750000000004 0.16562500000000002
3 0.50546875 0.6488281250000001 0.065625 0.70078125
3 0.5921875 0.778515625 0.1015625 0.44140625
0 0.547265625 0.23046875 0.01953125 0.2234375
0 0.5625 0.429296875 0.0140625 0.17890625000000002
0 0.58359375 0.141015625 0.03125 0.28046875
3 0.23984375000000002 0.49765625 0.0484375 0.9968750000000001
0 0.2015625 0.12460937500000001 0.0078125 0.12734375
0 0.30625 0.069140625 0.0140625 0.13984375000000002
0 0.323046875 0.11171875 0.00859375 0.109375
0 0.32851562500000003 0.9535156250000001 0.017968750000000002 0.09140625000000001
0 0.433203125 0.862890625 0.02109375 0.06640625
