3 0.512109375 0.499609375 0.08515625 0.99921875
3 0.602734375 0.5 0.09453125000000001 0.9984375000000001
3 0.434375 0.23203125000000002 0.045312500000000006 0.45625000000000004
3 0.34296875000000004 0.30507812500000003 0.059375000000000004 0.58203125
3 0.33906250000000004 0.88203125 0.08125 0.234375
3 0.42265625 0.931640625 0.059375000000000004 0.13515625
0 0.24453125 0.9652343750000001 0.1078125 0.017968750000000002
0 0.7140625 0.125 0.0671875 0.0171875
0 0.65625 0.07890625000000001 0.034375 0.009375000000000001
0 0.7351562500000001 0.5027343750000001 0.0140625 0.18984375
0 0.7269531250000001 0.8460937500000001 0.01640625 0.24531250000000002
0 0.26484375 0.126953125 0.035937500000000004 0.11796875000000001
