3 0.39179687500000004 0.499609375 0.14453125 0.99921875
3 0.5632812500000001 0.499609375 0.15937500000000002 0.99921875
0 0.24726562500000002 0.645703125 0.09453125000000001 0.03828125
0 0.24960937500000002 0.47421875 0.09609375 0.0140625
0 0.252734375 0.362109375 0.08359375000000001 0.025781250000000002
0 0.27382812500000003 0.766796875 0.014843750000000001 0.10078125
0 0.251171875 0.083203125 0.10234375000000001 0.02734375
0 0.2546875 0.21210937500000002 0.09843750000000001 0.025781250000000002
0 0.253515625 0.2546875 0.09609375 0.0234375
0 0.30585937500000004 0.23789062500000002 0.01640625 0.46328125000000003
3 0.30117187500000003 0.7390625000000001 0.03359375 0.5203125000000001
0 0.24296875 0.9636718750000001 0.06875 0.02109375
0 0.6781250000000001 0.374609375 0.06875 0.01640625
0 0.6785156250000001 0.23359375000000002 0.06328125 0.015625
0 0.6550781250000001 0.074609375 0.03671875 0.01953125
0 0.70703125 0.055859375 0.053125000000000006 0.017968750000000002
0 0.66953125 0.43828125 0.059375000000000004 0.0171875
0 0.673828125 0.62890625 0.06640625 0.0171875
0 0.67734375 0.79609375 0.053125000000000006 0.015625
0 0.67734375 0.847265625 0.059375000000000004 0.01953125
0 0.6765625000000001 0.90234375 0.0546875 0.0171875
3 0.722265625 0.5390625 0.03515625 0.9203125000000001
0 0.6550781250000001 0.035937500000000004 0.02890625 0.0140625
