3 0.31640625 0.501171875 0.1171875 0.99609375
3 0.43125 0.5007812500000001 0.11406250000000001 0.9968750000000001
0 0.6375000000000001 0.251953125 0.015625 0.50234375
0 0.6359375 0.6742187500000001 0.0125 0.3125
0 0.6429687500000001 0.8972656250000001 0.015625 0.13203125000000002
0 0.54296875 0.16875 0.028125 0.328125
0 0.566796875 0.29453125 0.014843750000000001 0.0734375
0 0.5859375 0.685546875 0.021875000000000002 0.17578125
0 0.5953125 0.8753906250000001 0.015625 0.16484375
0 0.54296875 0.618359375 0.025 0.56640625
0 0.5890625 0.41796875 0.0171875 0.1703125
0 0.587890625 0.091796875 0.01953125 0.17890625000000002
0 0.5265625 0.9714843750000001 0.018750000000000003 0.055468750000000004
