3 0.421484375 0.503515625 0.09453125000000001 0.99140625
3 0.59765625 0.48750000000000004 0.053125000000000006 0.1375
3 0.708203125 0.29531250000000003 0.11171875 0.5671875000000001
3 0.701171875 0.7875000000000001 0.24140625000000002 0.4234375
3 0.29335937500000003 0.9539062500000001 0.15546875000000002 0.09062500000000001
0 0.304296875 0.8597656250000001 0.030468750000000003 0.08203125
3 0.331640625 0.633984375 0.07421875 0.08203125
0 0.21054687500000002 0.195703125 0.02421875 0.35546875
0 0.294140625 0.273046875 0.08984375 0.02109375
3 0.5222656250000001 0.35000000000000003 0.030468750000000003 0.051562500000000004
3 0.516796875 0.560546875 0.03515625 0.05859375
3 0.50703125 0.8285156250000001 0.065625 0.34140625
