3 0.404296875 0.501953125 0.13046875 0.9945312500000001
0 0.540234375 0.287890625 0.09296875 0.01640625
0 0.5265625 0.32070312500000003 0.051562500000000004 0.014843750000000001
0 0.5261718750000001 0.34609375000000003 0.055468750000000004 0.009375000000000001
0 0.5320312500000001 0.468359375 0.08125 0.025781250000000002
0 0.70078125 0.9441406250000001 0.115625 0.039843750000000004
0 0.739453125 0.9789062500000001 0.01953125 0.040625
0 0.748046875 0.849609375 0.030468750000000003 0.09609375
0 0.7136718750000001 0.3296875 0.11328125 0.040625
0 0.70625 0.42304687500000004 0.10312500000000001 0.047656250000000004
0 0.601171875 0.7140625 0.06328125 0.0234375
0 0.5359375000000001 0.610546875 0.0421875 0.12734375
0 0.5378906250000001 0.8265625000000001 0.05234375 0.018750000000000003
0 0.5691406250000001 0.917578125 0.11796875000000001 0.02109375
0 0.5390625 0.9441406250000001 0.0765625 0.02109375
0 0.537109375 0.980078125 0.06171875 0.02109375
0 0.55703125 0.784375 0.0703125 0.021875000000000002
0 0.701171875 0.0546875 0.10859375 0.109375
0 0.598046875 0.080078125 0.06640625 0.03671875
0 0.650390625 0.21328125 0.032031250000000004 0.1875
0 0.6359375 0.7453125 0.0203125 0.0171875
0 0.677734375 0.8812500000000001 0.02421875 0.084375
0 0.6117187500000001 0.864453125 0.025 0.01171875
0 0.548046875 0.51484375 0.039843750000000004 0.0140625
0 0.659765625 0.48554687500000004 0.03359375 0.013281250000000001
0 0.7421875 0.547265625 0.040625 0.05078125
0 0.31093750000000003 0.53046875 0.05625 0.0171875
0 0.327734375 0.95859375 0.022656250000000003 0.0671875
0 0.5171875 0.42109375000000004 0.0234375 0.034375
