3 0.42109375000000004 0.5027343750000001 0.1453125 0.9929687500000001
3 0.551953125 0.504296875 0.08359375000000001 0.98359375
0 0.724609375 0.6351562500000001 0.10390625 0.03125
0 0.6328125 0.1796875 0.0625 0.0140625
0 0.6566406250000001 0.333984375 0.03828125 0.13046875
0 0.6960937500000001 0.757421875 0.010937500000000001 0.16328125000000002
0 0.767578125 0.8558593750000001 0.02421875 0.26171875
0 0.721875 0.8656250000000001 0.03125 0.11406250000000001
0 0.6687500000000001 0.540234375 0.018750000000000003 0.10546875
0 0.6195312500000001 0.521484375 0.0484375 0.03671875
0 0.7625000000000001 0.41640625000000003 0.043750000000000004 0.09062500000000001
0 0.6566406250000001 0.6875 0.02421875 0.07968750000000001
0 0.287109375 0.79453125 0.12109375 0.0203125
0 0.786328125 0.20820312500000002 0.01015625 0.12109375
