0 0.710546875 0.26210937500000003 0.01171875 0.26484375
0 0.53515625 0.634765625 0.025 0.7289062500000001
0 0.50546875 0.22578125000000002 0.0171875 0.21406250000000002
0 0.448828125 0.7894531250000001 0.01640625 0.16015625
0 0.45 0.92578125 0.010937500000000001 0.07968750000000001
0 0.38320312500000003 0.79296875 0.039843750000000004 0.0140625
0 0.7390625000000001 0.03125 0.0203125 0.037500000000000006
0 0.7484375000000001 0.098046875 0.0125 0.05390625
0 0.5339843750000001 0.21406250000000002 0.01640625 0.05625
0 0.6292968750000001 0.185546875 0.03515625 0.10703125000000001
0 0.408984375 0.119140625 0.02421875 0.09453125000000001
0 0.451953125 0.2390625 0.01953125 0.05
0 0.43828125 0.325 0.009375000000000001 0.065625
0 0.504296875 0.43671875000000004 0.014843750000000001 0.125
0 0.38984375000000004 0.31679687500000003 0.060937500000000006 0.025781250000000002
0 0.41953125 0.26640625 0.009375000000000001 0.0421875
0 0.45234375000000004 0.114453125 0.010937500000000001 0.07890625000000001
0 0.58828125 0.41718750000000004 0.0140625 0.13593750000000002
0 0.59296875 0.509765625 0.0125 0.04453125
0 0.594140625 0.099609375 0.01953125 0.16171875000000002
0 0.595703125 0.219140625 0.01171875 0.05390625
