0 0.48476562500000003 0.150390625 0.01171875 0.05390625
0 0.640625 0.598046875 0.015625 0.15859375
0 0.6312500000000001 0.048828125 0.0140625 0.08671875000000001
0 0.641796875 0.16875 0.032031250000000004 0.1015625
0 0.589453125 0.2484375 0.032031250000000004 0.059375000000000004
0 0.66328125 0.32109375 0.0234375 0.1484375
0 0.538671875 0.577734375 0.014843750000000001 0.08046875
0 0.533203125 0.114453125 0.01953125 0.22890625
0 0.581640625 0.12070312500000001 0.01015625 0.04296875
0 0.534375 0.30703125000000003 0.034375 0.15156250000000002
0 0.49921875000000004 0.49453125000000003 0.0921875 0.0234375
3 0.6238281250000001 0.46015625000000004 0.03515625 0.0734375
3 0.650390625 0.409765625 0.055468750000000004 0.03359375
3 0.6765625000000001 0.45234375000000004 0.026562500000000003 0.0703125
3 0.658203125 0.494140625 0.03515625 0.03515625
0 0.594140625 0.504296875 0.06796875000000001 0.032031250000000004
0 0.556640625 0.69453125 0.01015625 0.07187500000000001
0 0.5554687500000001 0.978515625 0.009375000000000001 0.041406250000000006
