3 0.66953125 0.6625000000000001 0.029687500000000002 0.11406250000000001
0 0.41132812500000004 0.162890625 0.014843750000000001 0.13359375
0 0.5476562500000001 0.137109375 0.0078125 0.07734375
0 0.551171875 0.264453125 0.030468750000000003 0.18828125
0 0.61328125 0.255859375 0.015625 0.23671875
0 0.4109375 0.307421875 0.026562500000000003 0.11484375000000001
0 0.47382812500000004 0.24453125 0.017968750000000002 0.2671875
0 0.42109375000000004 0.40703125 0.0140625 0.07500000000000001
0 0.3921875 0.38515625000000003 0.028125 0.037500000000000006
0 0.3875 0.4078125 0.0546875 0.0140625
0 0.4421875 0.36953125000000003 0.045312500000000006 0.0171875
0 0.537109375 0.374609375 0.13203125000000002 0.03515625
0 0.5828125000000001 0.33984375 0.045312500000000006 0.026562500000000003
0 0.66796875 0.38125000000000003 0.11406250000000001 0.015625
0 0.46953125 0.037890625000000004 0.0125 0.07578125000000001
0 0.7269531250000001 0.41171875 0.013281250000000001 0.6140625000000001
0 0.6781250000000001 0.52890625 0.059375000000000004 0.065625
0 0.7582031250000001 0.86328125 0.014843750000000001 0.034375
0 0.7289062500000001 0.9789062500000001 0.009375000000000001 0.040625
0 0.43046875 0.758984375 0.009375000000000001 0.06796875000000001
0 0.43398437500000003 0.909765625 0.013281250000000001 0.17265625
0 0.740234375 0.282421875 0.014843750000000001 0.07421875
0 0.766796875 0.939453125 0.00859375 0.05234375
