0 0.5515625000000001 0.7332031250000001 0.018750000000000003 0.22421875000000002
0 0.6023437500000001 0.603125 0.1203125 0.028125
0 0.60703125 0.65 0.015625 0.09062500000000001
0 0.53125 0.578515625 0.010937500000000001 0.06015625
0 0.553125 0.3453125 0.0203125 0.21250000000000002
0 0.5 0.60546875 0.0578125 0.015625
0 0.35781250000000003 0.7269531250000001 0.0140625 0.10859375
0 0.3609375 0.47304687500000003 0.010937500000000001 0.34453125
0 0.712109375 0.72578125 0.01171875 0.125
0 0.513671875 0.8421875000000001 0.03671875 0.0125
0 0.37890625 0.63671875 0.035937500000000004 0.0125
0 0.38515625000000003 0.474609375 0.0390625 0.02109375
0 0.5105468750000001 0.46640625 0.05234375 0.018750000000000003
