0 0.33359375 0.6878906250000001 0.010937500000000001 0.62265625
0 0.41328125000000004 0.25429687500000003 0.0203125 0.43828125
0 0.555078125 0.20390625 0.03359375 0.28125
0 0.6335937500000001 0.12421875 0.0171875 0.146875
0 0.655859375 0.34882812500000004 0.03515625 0.31484375000000003
0 0.690625 0.662109375 0.0328125 0.23359375000000002
0 0.41132812500000004 0.589453125 0.01171875 0.06015625
0 0.39921875 0.9300781250000001 0.0140625 0.13828125
0 0.42812500000000003 0.54453125 0.18281250000000002 0.0328125
0 0.620703125 0.5328125 0.10234375000000001 0.034375
0 0.761328125 0.6976562500000001 0.022656250000000003 0.603125
0 0.501953125 0.05625 0.06171875 0.026562500000000003
