0 0.6449218750000001 0.6515625 0.03515625 0.059375000000000004
1 0.48867187500000003 0.36250000000000004 0.030468750000000003 0.03125
0 0.42578125 0.047656250000000004 0.1765625 0.034375
0 0.6589843750000001 0.1015625 0.16796875 0.026562500000000003
0 0.46210937500000004 0.541015625 0.10703125000000001 0.05390625
0 0.665234375 0.962109375 0.08203125 0.02109375
0 0.570703125 0.039453125000000006 0.01640625 0.07890625000000001
0 0.63203125 0.0421875 0.015625 0.084375
0 0.5613281250000001 0.39687500000000003 0.03828125 0.5546875
0 0.544140625 0.7464843750000001 0.05234375 0.13203125000000002
0 0.6238281250000001 0.30195312500000004 0.02421875 0.23203125000000002
0 0.6277343750000001 0.15859375 0.01015625 0.043750000000000004
0 0.41835937500000003 0.23828125 0.01953125 0.2625
0 0.40468750000000003 0.575390625 0.029687500000000002 0.34453125
0 0.42812500000000003 0.8171875000000001 0.1609375 0.0328125
3 0.657421875 0.70859375 0.057031250000000006 0.08125
3 0.671484375 0.6257812500000001 0.03359375 0.07968750000000001
3 0.681640625 0.468359375 0.039843750000000004 0.11015625000000001
0 0.6664062500000001 0.55 0.046875 0.05625
0 0.398046875 0.97265625 0.014843750000000001 0.053125000000000006
0 0.5171875 0.128515625 0.043750000000000004 0.05859375
0 0.615234375 0.981640625 0.01171875 0.03515625
