0 0.4109375 0.109765625 0.0234375 0.21171875
0 0.578515625 0.07968750000000001 0.014843750000000001 0.15937500000000002
0 0.5496093750000001 0.22890625 0.04296875 0.1296875
0 0.54296875 0.59765625 0.034375 0.29531250000000003
0 0.625 0.508203125 0.0140625 0.15234375
0 0.64609375 0.737890625 0.029687500000000002 0.30546875
0 0.398046875 0.65546875 0.02421875 0.44062500000000004
0 0.32070312500000003 0.878125 0.013281250000000001 0.2421875
0 0.753515625 0.980078125 0.013281250000000001 0.03828125
2 0.369140625 0.30312500000000003 0.06796875000000001 0.021875000000000002
3 0.6667968750000001 0.1921875 0.055468750000000004 0.09062500000000001
2 0.6527343750000001 0.942578125 0.16171875000000002 0.039843750000000004
2 0.42226562500000003 0.946875 0.17890625000000002 0.034375
2 0.669140625 0.44960937500000003 0.07265625 0.01953125
2 0.490234375 0.028515625000000003 0.11640625 0.05078125
