0 0.594921875 0.19453125000000002 0.03359375 0.38906250000000003
0 0.61875 0.470703125 0.029687500000000002 0.15234375
0 0.57421875 0.45351562500000003 0.0234375 0.22265625
0 0.593359375 0.7449218750000001 0.16640625 0.01640625
0 0.34414062500000003 0.735546875 0.049218750000000006 0.01640625
0 0.44296875 0.7308593750000001 0.1171875 0.01640625
0 0.437109375 0.80390625 0.022656250000000003 0.084375
0 0.498828125 0.89609375 0.025781250000000002 0.20625000000000002
0 0.491015625 0.341796875 0.014843750000000001 0.67734375
3 0.45390625 0.67890625 0.046875 0.1015625
0 0.396484375 0.32734375000000004 0.022656250000000003 0.6546875000000001
0 0.43398437500000003 0.35234375 0.013281250000000001 0.1015625
0 0.567578125 0.63984375 0.00703125 0.053125000000000006
0 0.46523437500000003 0.8031250000000001 0.017968750000000002 0.084375
