0 0.596875 0.8757812500000001 0.1421875 0.029687500000000002
0 0.46796875000000004 0.85078125 0.08281250000000001 0.0125
0 0.512109375 0.42617187500000003 0.022656250000000003 0.8523437500000001
0 0.519921875 0.9300781250000001 0.014843750000000001 0.13828125
0 0.412109375 0.9261718750000001 0.017968750000000002 0.14609375
0 0.42109375000000004 0.728515625 0.018750000000000003 0.19765625
0 0.425390625 0.54609375 0.014843750000000001 0.0921875
0 0.41953125 0.45742187500000003 0.0125 0.055468750000000004
0 0.405859375 0.35195312500000003 0.01640625 0.06484375
0 0.45742187500000003 0.443359375 0.014843750000000001 0.11484375000000001
0 0.45 0.593359375 0.010937500000000001 0.06640625
0 0.45156250000000003 0.7039062500000001 0.0203125 0.1125
0 0.36171875000000003 0.843359375 0.0421875 0.03828125
0 0.6625000000000001 0.927734375 0.010937500000000001 0.06328125
0 0.6957031250000001 0.8703125 0.03671875 0.0125
0 0.624609375 0.6468750000000001 0.06015625 0.0140625
