0 0.5632812500000001 0.6796875 0.029687500000000002 0.6390625000000001
0 0.548046875 0.13046875 0.02734375 0.19375
0 0.5496093750000001 0.015234375000000001 0.03828125 0.030468750000000003
0 0.6531250000000001 0.0234375 0.1484375 0.028125
0 0.507421875 0.60546875 0.017968750000000002 0.2234375
0 0.51015625 0.8609375 0.046875 0.2765625
0 0.62421875 0.85078125 0.0125 0.1265625
0 0.6589843750000001 0.7347656250000001 0.03359375 0.11484375000000001
0 0.634375 0.24726562500000002 0.037500000000000006 0.01953125
0 0.44648437500000004 0.7699218750000001 0.02890625 0.07265625
0 0.6046875 0.5828125000000001 0.0390625 0.040625
0 0.453125 0.10234375000000001 0.0125 0.06875
