0 0.43828125 0.15351562500000002 0.0125 0.15546875000000002
0 0.425390625 0.4 0.014843750000000001 0.2671875
0 0.51953125 0.12734375 0.010937500000000001 0.253125
0 0.51953125 0.3875 0.0125 0.21875
0 0.5796875 0.2859375 0.12812500000000002 0.028125
0 0.46914062500000003 0.26601562500000003 0.09453125000000001 0.01640625
0 0.468359375 0.630859375 0.12109375 0.02734375
0 0.47500000000000003 0.740234375 0.1390625 0.03671875
0 0.59921875 0.7453125 0.10312500000000001 0.026562500000000003
0 0.624609375 0.9105468750000001 0.017968750000000002 0.17734375000000002
0 0.54140625 0.79609375 0.0078125 0.07500000000000001
0 0.5875 0.8078125 0.010937500000000001 0.07968750000000001
0 0.6449218750000001 0.369140625 0.01953125 0.13515625
3 0.669921875 0.8167968750000001 0.01640625 0.14453125
0 0.691015625 0.74765625 0.03515625 0.0140625
3 0.6671875 0.516796875 0.018750000000000003 0.44609375
0 0.38007812500000004 0.7375 0.032031250000000004 0.0203125
0 0.6761718750000001 0.283984375 0.03671875 0.013281250000000001
0 0.47382812500000004 0.601171875 0.00859375 0.030468750000000003
0 0.41328125000000004 0.56640625 0.0078125 0.0328125
0 0.46015625000000004 0.5390625 0.009375000000000001 0.0390625
0 0.462890625 0.150390625 0.01015625 0.049218750000000006
