0 0.5183593750000001 0.041015625 0.01171875 0.08203125
0 0.57734375 0.19062500000000002 0.0171875 0.38125000000000003
0 0.634765625 0.211328125 0.00859375 0.13046875
0 0.667578125 0.105859375 0.01953125 0.10234375000000001
0 0.6312500000000001 0.537109375 0.0171875 0.24765625000000002
0 0.5609375 0.533203125 0.026562500000000003 0.26015625000000003
0 0.49296875 0.73046875 0.0125 0.2109375
0 0.564453125 0.933203125 0.01015625 0.13203125000000002
0 0.558203125 0.7734375 0.01015625 0.078125
0 0.517578125 0.84375 0.02421875 0.0546875
0 0.515234375 0.93125 0.01640625 0.096875
0 0.46953125 0.919921875 0.018750000000000003 0.15859375
0 0.515234375 0.491015625 0.014843750000000001 0.26328125
0 0.5320312500000001 0.24140625000000002 0.0203125 0.25
0 0.46953125 0.2703125 0.0171875 0.2671875
