0 0.520703125 0.07500000000000001 0.23828125 0.0390625
0 0.6312500000000001 0.671484375 0.03125 0.25859375
0 0.607421875 0.900390625 0.017968750000000002 0.19765625
0 0.5046875000000001 0.8234375 0.0234375 0.3515625
0 0.40937500000000004 0.765625 0.0140625 0.0546875
0 0.41640625000000003 0.894140625 0.015625 0.20078125000000002
0 0.45937500000000003 0.598828125 0.0203125 0.07265625
0 0.45703125 0.51484375 0.0125 0.08281250000000001
0 0.536328125 0.1296875 0.00859375 0.078125
0 0.5808593750000001 0.12421875 0.00859375 0.0734375
0 0.45429687500000004 0.12070312500000001 0.01015625 0.06015625
0 0.61484375 0.3125 0.015625 0.0484375
0 0.6117187500000001 0.21992187500000002 0.015625 0.12421875
3 0.662109375 0.14296875 0.017968750000000002 0.1015625
0 0.67578125 0.084375 0.0484375 0.0140625
0 0.59140625 0.38398437500000004 0.0234375 0.08671875000000001
3 0.662109375 0.40546875000000004 0.01640625 0.0890625
0 0.620703125 0.44609375 0.05234375 0.026562500000000003
0 0.5453125 0.35000000000000003 0.0734375 0.021875000000000002
0 0.537109375 0.181640625 0.08046875 0.032031250000000004
1 0.48359375000000004 0.18203125 0.026562500000000003 0.0421875
0 0.45937500000000003 0.23984375000000002 0.0234375 0.153125
0 0.65625 0.0234375 0.010937500000000001 0.046875
0 0.539453125 0.7816406250000001 0.01015625 0.04609375
