0 0.528515625 0.7039062500000001 0.03359375 0.2421875
0 0.55625 0.516796875 0.010937500000000001 0.12890625
0 0.555078125 0.127734375 0.022656250000000003 0.25234375000000003
0 0.625 0.121484375 0.0171875 0.24296875
0 0.48671875000000003 0.316015625 0.015625 0.19921875
0 0.46132812500000003 0.13984375000000002 0.013281250000000001 0.1375
0 0.50703125 0.13125 0.010937500000000001 0.16718750000000002
0 0.45703125 0.51328125 0.018750000000000003 0.16875
0 0.44140625 0.648046875 0.0140625 0.11640625
0 0.45937500000000003 0.7367187500000001 0.015625 0.08281250000000001
0 0.484375 0.6238281250000001 0.021875000000000002 0.11796875000000001
0 0.494921875 0.5144531250000001 0.022656250000000003 0.08359375000000001
0 0.5105468750000001 0.43007812500000003 0.03671875 0.05390625
0 0.55078125 0.35546875 0.009375000000000001 0.0578125
0 0.568359375 0.790234375 0.01015625 0.055468750000000004
0 0.486328125 0.888671875 0.00859375 0.07578125000000001
0 0.57734375 0.9300781250000001 0.018750000000000003 0.13828125
0 0.43515625 0.93125 0.018750000000000003 0.1328125
0 0.6214843750000001 0.6511718750000001 0.01015625 0.047656250000000004
0 0.490234375 0.8402343750000001 0.11953125 0.03828125
0 0.6214843750000001 0.8347656250000001 0.12421875 0.02890625
0 0.394140625 0.8546875 0.03515625 0.0140625
0 0.394140625 0.7039062500000001 0.03671875 0.015625
