0 0.5320312500000001 0.272265625 0.025 0.24765625000000002
0 0.43671875000000004 0.170703125 0.0140625 0.13359375
0 0.44453125000000004 0.30703125000000003 0.0140625 0.1234375
0 0.53359375 0.578125 0.0140625 0.0625
0 0.524609375 0.69140625 0.014843750000000001 0.045312500000000006
0 0.4390625 0.786328125 0.034375 0.16015625
0 0.45820312500000004 0.8828125 0.01015625 0.034375
0 0.5710937500000001 0.92109375 0.035937500000000004 0.15625
0 0.46640625 0.06992187500000001 0.0125 0.08828125
0 0.43046875 0.025 0.37343750000000003 0.034375
0 0.7230468750000001 0.07773437500000001 0.13515625 0.02734375
0 0.5886718750000001 0.547265625 0.06171875 0.04296875
0 0.559765625 0.6527343750000001 0.02734375 0.013281250000000001
0 0.574609375 0.7234375000000001 0.01953125 0.2234375
0 0.44609375 0.646484375 0.0390625 0.07890625000000001
0 0.55625 0.503515625 0.025 0.09609375
0 0.66953125 0.875 0.00625 0.05625
0 0.596875 0.625 0.009375000000000001 0.053125000000000006
0 0.594921875 0.654296875 0.025781250000000002 0.01015625
