0 0.32109375 0.27187500000000003 0.13125 0.025
0 0.44843750000000004 0.16367187500000002 0.018750000000000003 0.32578125
0 0.42421875000000003 0.123046875 0.0125 0.24609375
0 0.4546875 0.31171875000000004 0.0765625 0.0234375
0 0.64453125 0.224609375 0.015625 0.15859375
0 0.615234375 0.43203125000000003 0.11796875000000001 0.029687500000000002
0 0.446875 0.8656250000000001 0.021875000000000002 0.2671875
0 0.4265625 0.626171875 0.028125 0.26953125
0 0.733984375 0.85078125 0.00859375 0.07968750000000001
0 0.309375 0.46914062500000003 0.034375 0.041406250000000006
0 0.6800781250000001 0.37109375 0.00703125 0.1046875
