0 0.53046875 0.6980468750000001 0.028125 0.6023437500000001
0 0.4390625 0.39453125 0.08750000000000001 0.09375
0 0.4890625 0.49257812500000003 0.060937500000000006 0.039843750000000004
0 0.441015625 0.5105468750000001 0.03359375 0.047656250000000004
0 0.43671875000000004 0.5671875000000001 0.0734375 0.0234375
0 0.48476562500000003 0.6960937500000001 0.04453125 0.15781250000000002
0 0.415625 0.91171875 0.025 0.0765625
0 0.5378906250000001 0.248828125 0.014843750000000001 0.18203125
0 0.5515625000000001 0.08515625 0.026562500000000003 0.1703125
0 0.45625000000000004 0.17539062500000002 0.021875000000000002 0.10859375
0 0.4609375 0.29453125 0.0578125 0.0734375
0 0.49843750000000003 0.09296875 0.0546875 0.0328125
0 0.429296875 0.07773437500000001 0.02109375 0.06171875
0 0.46015625000000004 0.023046875 0.0890625 0.03671875
0 0.658203125 0.07734375 0.022656250000000003 0.060937500000000006
3 0.6316406250000001 0.180078125 0.08671875000000001 0.07265625
0 0.6039062500000001 0.261328125 0.045312500000000006 0.08515625
0 0.65625 0.3171875 0.0578125 0.0390625
0 0.6898437500000001 0.265234375 0.0203125 0.06640625
0 0.5484375 0.513671875 0.051562500000000004 0.013281250000000001
0 0.558203125 0.603515625 0.05859375 0.01171875
0 0.5007812500000001 0.17695312500000002 0.0484375 0.013281250000000001
0 0.5925781250000001 0.072265625 0.05390625 0.013281250000000001
0 0.36015625 0.11093750000000001 0.040625 0.018750000000000003
