0 0.5796875 0.719921875 0.0140625 0.15390625000000002
0 0.45703125 0.7273437500000001 0.0125 0.23750000000000002
0 0.458984375 0.46210937500000004 0.014843750000000001 0.11640625
0 0.45039062500000004 0.58515625 0.00703125 0.0421875
0 0.369140625 0.7976562500000001 0.25703125 0.035937500000000004
0 0.60078125 0.17929687500000002 0.0140625 0.18515625000000002
0 0.45937500000000003 0.132421875 0.0171875 0.26484375
0 0.526953125 0.950390625 0.01171875 0.09453125000000001
0 0.54140625 0.8656250000000001 0.009375000000000001 0.06875
0 0.428515625 0.955078125 0.00859375 0.07890625000000001
0 0.42421875000000003 0.8914062500000001 0.004687500000000001 0.0234375
