3 0.48554687500000004 0.396484375 0.07734375 0.11328125
3 0.6449218750000001 0.390234375 0.17734375000000002 0.10078125
0 0.543359375 0.3640625 0.039843750000000004 0.018750000000000003
0 0.54140625 0.434375 0.040625 0.015625
0 0.39882812500000003 0.378515625 0.09296875 0.02109375
0 0.41445312500000003 0.42890625000000004 0.06171875 0.0671875
3 0.6414062500000001 0.26406250000000003 0.13125 0.1203125
0 0.46132812500000003 0.298828125 0.21953125 0.01953125
0 0.436328125 0.338671875 0.01171875 0.06328125
0 0.37148437500000003 0.24296875 0.07890625000000001 0.0234375
0 0.41250000000000003 0.270703125 0.010937500000000001 0.039843750000000004
0 0.49375 0.2390625 0.13593750000000002 0.035937500000000004
0 0.44960937500000003 0.26601562500000003 0.030468750000000003 0.03515625
0 0.48671875000000003 0.273046875 0.021875000000000002 0.03515625
0 0.551171875 0.27187500000000003 0.01640625 0.043750000000000004
3 0.43046875 0.048046875 0.16875 0.049218750000000006
0 0.54296875 0.03828125 0.037500000000000006 0.053125000000000006
3 0.6097656250000001 0.11601562500000001 0.17890625000000002 0.07890625000000001
0 0.508203125 0.1921875 0.04453125 0.05
0 0.7152343750000001 0.32070312500000003 0.01015625 0.03828125
0 0.6179687500000001 0.870703125 0.17343750000000002 0.041406250000000006
0 0.483203125 0.8968750000000001 0.09453125000000001 0.07187500000000001
0 0.55078125 0.9750000000000001 0.35781250000000003 0.025
0 0.451953125 0.523828125 0.030468750000000003 0.013281250000000001
0 0.50546875 0.47382812500000004 0.0140625 0.03828125
0 0.503125 0.51484375 0.0203125 0.0125
0 0.501953125 0.5859375 0.02734375 0.0078125
