0 0.39609375 0.6117187500000001 0.28125 0.028125
0 0.68125 0.6003906250000001 0.246875 0.022656250000000003
0 0.5417968750000001 0.32148437500000004 0.02109375 0.35078125000000004
0 0.298828125 0.5105468750000001 0.13671875 0.032031250000000004
0 0.41054687500000003 0.490234375 0.032031250000000004 0.03515625
0 0.384375 0.03828125 0.0734375 0.0171875
0 0.46875 0.0734375 0.018750000000000003 0.1453125
0 0.459765625 0.187890625 0.00859375 0.06953125
0 0.5109375 0.048828125 0.059375000000000004 0.013281250000000001
0 0.48476562500000003 0.20039062500000002 0.041406250000000006 0.01171875
0 0.5144531250000001 0.5027343750000001 0.041406250000000006 0.047656250000000004
0 0.496875 0.45625000000000004 0.029687500000000002 0.043750000000000004
0 0.620703125 0.58359375 0.047656250000000004 0.0125
