0 0.49335937500000004 0.35234375 0.02890625 0.17500000000000002
0 0.464453125 0.13046875 0.017968750000000002 0.17500000000000002
0 0.458984375 0.57421875 0.01640625 0.0890625
0 0.48515625 0.494921875 0.009375000000000001 0.05390625
0 0.52734375 0.88046875 0.026562500000000003 0.22812500000000002
0 0.458984375 0.7410156250000001 0.01640625 0.19140625
0 0.44921875 0.8765625 0.010937500000000001 0.07187500000000001
0 0.544140625 0.6023437500000001 0.01171875 0.1015625
0 0.610546875 0.265234375 0.02421875 0.17578125
0 0.624609375 0.127734375 0.02734375 0.11640625
0 0.50546875 0.667578125 0.05625 0.01640625
0 0.327734375 0.697265625 0.06171875 0.02421875
0 0.361328125 0.7332031250000001 0.10078125 0.02109375
0 0.33828125000000003 0.354296875 0.0671875 0.08203125
0 0.508203125 0.6117187500000001 0.06484375 0.028125
0 0.487109375 0.7484375000000001 0.047656250000000004 0.010937500000000001
0 0.365234375 0.453125 0.07109375 0.09843750000000001
