0 0.458984375 0.467578125 0.017968750000000002 0.19296875000000002
0 0.3765625 0.41523437500000004 0.010937500000000001 0.12421875
0 0.45625000000000004 0.103515625 0.021875000000000002 0.18671875000000002
0 0.49257812500000003 0.12734375 0.05078125 0.0203125
0 0.5945312500000001 0.22578125000000002 0.0171875 0.15781250000000002
0 0.605078125 0.398046875 0.013281250000000001 0.12890625
0 0.491015625 0.59609375 0.06171875 0.0125
0 0.424609375 0.606640625 0.06953125 0.01015625
0 0.45742187500000003 0.7933593750000001 0.02109375 0.11328125
0 0.43593750000000003 0.923046875 0.0203125 0.15234375
0 0.60078125 0.81171875 0.0171875 0.08125
0 0.593359375 0.9164062500000001 0.025781250000000002 0.11875000000000001
