0 0.589453125 0.4375 0.057031250000000006 0.06875
2 0.45859375 0.194140625 0.30000000000000004 0.03515625
0 0.45156250000000003 0.551953125 0.10312500000000001 0.022656250000000003
0 0.59765625 0.546875 0.0625 0.026562500000000003
0 0.7234375000000001 0.5234375 0.0859375 0.0203125
0 0.40273437500000003 0.41835937500000003 0.02109375 0.15390625000000002
0 0.550390625 0.8234375 0.017968750000000002 0.3203125
0 0.655859375 0.9144531250000001 0.017968750000000002 0.16328125000000002
3 0.6976562500000001 0.704296875 0.109375 0.24609375
3 0.6218750000000001 0.7585937500000001 0.026562500000000003 0.20625000000000002
3 0.685546875 0.41015625 0.12421875 0.1921875
0 0.6687500000000001 0.28750000000000003 0.1078125 0.0390625
3 0.7203125 0.21640625000000002 0.045312500000000006 0.08281250000000001
3 0.6429687500000001 0.19687500000000002 0.06875 0.0328125
