0 0.3953125 0.34414062500000003 0.0203125 0.13359375
0 0.448046875 0.24609375 0.022656250000000003 0.0921875
0 0.42812500000000003 0.30976562500000004 0.0328125 0.02734375
0 0.44960937500000003 0.34765625 0.013281250000000001 0.1046875
0 0.48281250000000003 0.26171875 0.053125000000000006 0.043750000000000004
0 0.45625000000000004 0.16328125000000002 0.010937500000000001 0.0484375
0 0.49375 0.13359375 0.015625 0.059375000000000004
0 0.48164062500000004 0.40703125 0.047656250000000004 0.0203125
0 0.4421875 0.44960937500000003 0.0078125 0.04296875
0 0.44648437500000004 0.51484375 0.032031250000000004 0.0734375
0 0.495703125 0.523046875 0.03671875 0.057031250000000006
0 0.5796875 0.424609375 0.034375 0.039843750000000004
0 0.571484375 0.36757812500000003 0.030468750000000003 0.07421875
0 0.579296875 0.15781250000000002 0.03671875 0.1046875
0 0.35546875 0.2984375 0.0171875 0.18281250000000002
0 0.33242187500000003 0.14140625 0.01015625 0.0734375
0 0.40664062500000003 0.14375000000000002 0.03359375 0.021875000000000002
0 0.38320312500000003 0.5339843750000001 0.03359375 0.22578125000000002
3 0.56015625 0.55 0.051562500000000004 0.2
0 0.45234375000000004 0.82578125 0.026562500000000003 0.1625
0 0.36445312500000004 0.8796875000000001 0.013281250000000001 0.15156250000000002
0 0.38828125 0.865234375 0.010937500000000001 0.19296875000000002
0 0.49921875000000004 0.921484375 0.010937500000000001 0.06796875000000001
0 0.5847656250000001 0.8792968750000001 0.013281250000000001 0.16015625
0 0.5906250000000001 0.7269531250000001 0.010937500000000001 0.14609375
0 0.34140625 0.547265625 0.028125 0.013281250000000001
0 0.32890625 0.5906250000000001 0.026562500000000003 0.0140625
0 0.41054687500000003 0.56796875 0.02421875 0.0140625
0 0.40703125 0.539453125 0.0203125 0.00703125
0 0.46171875 0.598046875 0.028125 0.022656250000000003
0 0.32539062500000004 0.847265625 0.032031250000000004 0.032031250000000004
0 0.33359375 0.919921875 0.053125000000000006 0.014843750000000001
0 0.6429687500000001 0.3984375 0.0890625 0.018750000000000003
0 0.4109375 0.42031250000000003 0.043750000000000004 0.021875000000000002
0 0.35195312500000003 0.419921875 0.07109375 0.022656250000000003
0 0.46718750000000003 0.465625 0.035937500000000004 0.0203125
0 0.48750000000000004 0.446875 0.045312500000000006 0.03125
3 0.6355468750000001 0.719921875 0.05078125 0.43515625
3 0.6761718750000001 0.7515625 0.02890625 0.37031250000000004
3 0.7140625 0.6839843750000001 0.035937500000000004 0.6273437500000001
0 0.37812500000000004 0.6781250000000001 0.018750000000000003 0.0578125
0 0.40234375 0.685546875 0.0234375 0.07265625
0 0.403125 0.8621093750000001 0.0203125 0.00859375
3 0.412890625 0.9339843750000001 0.01953125 0.13046875
3 0.416015625 0.75546875 0.014843750000000001 0.053125000000000006
3 0.415625 0.822265625 0.0125 0.06640625
3 0.47734375 0.80859375 0.0328125 0.37031250000000004
0 0.505859375 0.6394531250000001 0.022656250000000003 0.014843750000000001
