0 0.35546875 0.553125 0.18281250000000002 0.0234375
0 0.551171875 0.5574218750000001 0.17265625 0.055468750000000004
0 0.498828125 0.7855468750000001 0.03359375 0.42734375
0 0.57578125 0.67734375 0.0734375 0.18281250000000002
0 0.62421875 0.88203125 0.015625 0.234375
0 0.628125 0.673046875 0.018750000000000003 0.18046875
0 0.53046875 0.501953125 0.0125 0.08671875000000001
0 0.53359375 0.3875 0.028125 0.1328125
0 0.5320312500000001 0.26210937500000003 0.009375000000000001 0.08984375
0 0.48164062500000004 0.31367187500000004 0.01953125 0.17421875
0 0.47265625 0.170703125 0.03125 0.11171875
0 0.5691406250000001 0.105859375 0.025781250000000002 0.09140625000000001
0 0.570703125 0.1921875 0.01640625 0.0765625
0 0.636328125 0.38710937500000003 0.01640625 0.08671875000000001
0 0.327734375 0.147265625 0.05234375 0.057031250000000006
0 0.40937500000000004 0.20078125000000002 0.0921875 0.0546875
0 0.29335937500000003 0.0234375 0.039843750000000004 0.046875
0 0.36015625 0.34804687500000003 0.0125 0.10390625
0 0.33320312500000004 0.2828125 0.014843750000000001 0.07187500000000001
0 0.586328125 0.9574218750000001 0.01171875 0.08203125
0 0.56484375 0.4390625 0.0171875 0.1203125
