0 0.40351562500000004 0.552734375 0.022656250000000003 0.43515625
0 0.42734375 0.8773437500000001 0.029687500000000002 0.24375000000000002
0 0.40546875000000004 0.904296875 0.0125 0.18984375
0 0.540234375 0.59375 0.025781250000000002 0.3453125
0 0.501953125 0.18476562500000002 0.03515625 0.36953125000000003
0 0.38984375000000004 0.328125 0.184375 0.029687500000000002
0 0.540234375 0.330859375 0.01640625 0.14765625000000002
0 0.546875 0.17109375000000002 0.0125 0.1046875
0 0.60859375 0.345703125 0.1171875 0.02421875
0 0.56484375 0.22968750000000002 0.0171875 0.178125
0 0.6195312500000001 0.12890625 0.010937500000000001 0.09843750000000001
0 0.66171875 0.4140625 0.010937500000000001 0.043750000000000004
0 0.41015625 0.146875 0.021875000000000002 0.29375
