0 0.46523437500000003 0.6511718750000001 0.16171875000000002 0.032031250000000004
0 0.6843750000000001 0.65234375 0.259375 0.026562500000000003
0 0.6015625 0.240234375 0.034375 0.30859375
0 0.5964843750000001 0.523046875 0.025781250000000002 0.23984375000000002
0 0.594921875 0.8152343750000001 0.022656250000000003 0.30078125
0 0.576171875 0.9363281250000001 0.02421875 0.08203125
0 0.616796875 0.973828125 0.02109375 0.05078125
0 0.42617187500000003 0.783203125 0.02109375 0.22890625
0 0.46523437500000003 0.83125 0.013281250000000001 0.31562500000000004
0 0.5261718750000001 0.8140625 0.02421875 0.31093750000000003
0 0.39570312500000004 0.833984375 0.01953125 0.33046875000000003
0 0.499609375 0.416015625 0.03515625 0.43984375000000003
0 0.527734375 0.166015625 0.032031250000000004 0.23984375000000002
0 0.628515625 0.040625 0.13203125000000002 0.06406250000000001
0 0.71875 0.374609375 0.025 0.53359375
0 0.4265625 0.582421875 0.0140625 0.11171875
0 0.4 0.35234375 0.018750000000000003 0.309375
0 0.369140625 0.5828125000000001 0.017968750000000002 0.0859375
0 0.38007812500000004 0.45429687500000004 0.00859375 0.09140625000000001
0 0.392578125 0.51484375 0.06484375 0.021875000000000002
0 0.39960937500000004 0.134765625 0.05390625 0.014843750000000001
3 0.47421875 0.125 0.05 0.046875
0 0.6429687500000001 0.21640625000000002 0.018750000000000003 0.0703125
0 0.42734375 0.42812500000000003 0.0078125 0.1453125
0 0.43125 0.19492187500000002 0.0140625 0.09296875
0 0.4421875 0.24531250000000002 0.0703125 0.009375000000000001
0 0.45742187500000003 0.278515625 0.04296875 0.05234375
0 0.77109375 0.11640625 0.10625000000000001 0.0546875
