0 0.6468750000000001 0.259375 0.15156250000000002 0.0390625
0 0.43789062500000003 0.26640625 0.18359375 0.035937500000000004
0 0.37265625 0.1265625 0.018750000000000003 0.2265625
0 0.405859375 0.1796875 0.017968750000000002 0.1375
0 0.4390625 0.090234375 0.018750000000000003 0.17109375000000002
0 0.500390625 0.1859375 0.01015625 0.125
0 0.471484375 0.162109375 0.05078125 0.01953125
0 0.5945312500000001 0.11992187500000001 0.034375 0.18359375
0 0.563671875 0.05234375 0.02734375 0.0921875
0 0.562890625 0.190234375 0.01640625 0.11015625000000001
0 0.587109375 0.547265625 0.07734375 0.46328125000000003
0 0.482421875 0.408203125 0.014843750000000001 0.09453125000000001
0 0.389453125 0.44960937500000003 0.03671875 0.20390625
0 0.6902343750000001 0.554296875 0.02890625 0.43828125
0 0.37109375 0.909375 0.009375000000000001 0.1796875
0 0.43046875 0.6265625 0.0125 0.1953125
0 0.432421875 0.3796875 0.01953125 0.1484375
0 0.7054687500000001 0.12460937500000001 0.0125 0.09765625
