2 0.55078125 0.6312500000000001 0.56875 0.037500000000000006
0 0.275 0.72578125 0.018750000000000003 0.178125
2 0.56875 0.8125 0.565625 0.029687500000000002
2 0.537109375 0.509375 0.59609375 0.029687500000000002
2 0.5554687500000001 0.32421875 0.5750000000000001 0.035937500000000004
0 0.271484375 0.2015625 0.01953125 0.2109375
0 0.7000000000000001 0.2109375 0.015625 0.21406250000000002
0 0.27265625 0.9261718750000001 0.015625 0.14609375
0 0.34023437500000003 0.9300781250000001 0.01953125 0.13828125
0 0.306640625 0.8625 0.05234375 0.0140625
0 0.7097656250000001 0.570703125 0.013281250000000001 0.11640625
0 0.534765625 0.5300781250000001 0.00703125 0.04296875
0 0.562109375 0.54140625 0.00859375 0.06406250000000001
0 0.38320312500000003 0.566796875 0.08046875 0.03359375
0 0.444140625 0.579296875 0.12265625000000001 0.06171875
0 0.26992187500000003 0.57265625 0.00703125 0.1125
0 0.7140625 0.9125000000000001 0.0140625 0.171875
