2 0.7175781250000001 0.46914062500000003 0.31328125 0.02421875
0 0.628515625 0.700390625 0.13671875 0.06640625
0 0.5015625 0.92734375 0.021875000000000002 0.14375000000000002
0 0.516015625 0.782421875 0.01015625 0.15078125
0 0.39882812500000003 0.929296875 0.014843750000000001 0.13984375000000002
0 0.49921875000000004 0.362890625 0.0125 0.12421875
0 0.525 0.423828125 0.053125000000000006 0.013281250000000001
0 0.37343750000000003 0.5066406250000001 0.035937500000000004 0.013281250000000001
0 0.36054687500000004 0.5578125 0.01171875 0.10625000000000001
0 0.3875 0.36640625000000004 0.2015625 0.035937500000000004
2 0.43867187500000004 0.45742187500000003 0.22890625 0.02421875
0 0.48867187500000003 0.5085937500000001 0.01171875 0.10312500000000001
3 0.45078125 0.6433593750000001 0.05 0.08984375
3 0.448828125 0.76875 0.08359375000000001 0.1265625
0 0.43476562500000004 0.86640625 0.01171875 0.07968750000000001
0 0.444140625 0.9109375000000001 0.07734375 0.0234375
0 0.45742187500000003 0.9402343750000001 0.032031250000000004 0.03828125
0 0.6039062500000001 0.895703125 0.028125 0.20703125
0 0.722265625 0.837109375 0.00859375 0.08671875000000001
0 0.730078125 0.9324218750000001 0.00859375 0.10703125000000001
3 0.52578125 0.36015625 0.03125 0.043750000000000004
0 0.41328125000000004 0.318359375 0.0671875 0.02109375
0 0.44843750000000004 0.34453125 0.00625 0.0328125
0 0.535546875 0.92578125 0.02890625 0.0421875
0 0.37890625 0.57578125 0.0203125 0.0140625
3 0.428515625 0.49531250000000004 0.05859375 0.046875
0 0.431640625 0.5578125 0.013281250000000001 0.07500000000000001
0 0.41328125000000004 0.583203125 0.025 0.01171875
0 0.39375000000000004 0.7734375 0.0234375 0.051562500000000004
0 0.730078125 0.57265625 0.013281250000000001 0.1796875
0 0.59921875 0.55 0.010937500000000001 0.10625000000000001
0 0.597265625 0.494921875 0.06015625 0.014843750000000001
0 0.769140625 0.771484375 0.09296875 0.049218750000000006
