0 0.32109375 0.587109375 0.018750000000000003 0.39765625000000004
2 0.5417968750000001 0.38906250000000003 0.31796875 0.028125
2 0.5421875 0.7839843750000001 0.30625 0.022656250000000003
2 0.535546875 0.49257812500000003 0.29921875000000003 0.017968750000000002
0 0.59609375 0.241015625 0.1203125 0.03359375
0 0.451171875 0.20664062500000002 0.12421875 0.02109375
0 0.441015625 0.33437500000000003 0.08359375000000001 0.07500000000000001
3 0.48203125 0.044140625 0.0484375 0.08984375
3 0.33437500000000003 0.295703125 0.0921875 0.11640625
3 0.5828125000000001 0.29921875000000003 0.1046875 0.026562500000000003
0 0.7820312500000001 0.38789062500000004 0.025 0.17109375000000002
0 0.743359375 0.323046875 0.01015625 0.13359375
3 0.720703125 0.3359375 0.03359375 0.115625
