0 0.452734375 0.5 0.02734375 0.9984375000000001
0 0.5375 0.8515625 0.015625 0.2609375
0 0.5300781250000001 0.624609375 0.013281250000000001 0.18359375
0 0.6156250000000001 0.76171875 0.018750000000000003 0.321875
0 0.5613281250000001 0.047265625000000006 0.01015625 0.08515625
0 0.580078125 0.041406250000000006 0.01171875 0.08281250000000001
0 0.5417968750000001 0.05078125 0.01171875 0.07500000000000001
0 0.5398437500000001 0.2515625 0.0171875 0.134375
0 0.50546875 0.38046875 0.018750000000000003 0.1171875
0 0.504296875 0.921875 0.014843750000000001 0.1390625
