2 0.53671875 0.33671875 0.28125 0.021875000000000002
0 0.537109375 0.59140625 0.29453125 0.037500000000000006
0 0.43867187500000004 0.657421875 0.11328125 0.03828125
0 0.5453125 0.6843750000000001 0.09531250000000001 0.134375
3 0.45351562500000003 0.8304687500000001 0.07109375 0.2078125
0 0.39882812500000003 0.7234375000000001 0.04296875 0.0578125
0 0.369921875 0.85703125 0.07578125000000001 0.21406250000000002
0 0.40664062500000003 0.969921875 0.01953125 0.05859375
0 0.534765625 0.9265625000000001 0.014843750000000001 0.1453125
0 0.50390625 0.8679687500000001 0.021875000000000002 0.11875000000000001
0 0.62109375 0.41875 0.109375 0.0671875
