0 0.45937500000000003 0.27890625 0.034375 0.19687500000000002
0 0.46914062500000003 0.540625 0.02734375 0.22812500000000002
0 0.45742187500000003 0.714453125 0.032031250000000004 0.10078125
0 0.644140625 0.6468750000000001 0.01640625 0.7046875
0 0.65 0.16796875 0.010937500000000001 0.18906250000000002
0 0.555078125 0.22187500000000002 0.030468750000000003 0.390625
0 0.580078125 0.872265625 0.014843750000000001 0.15546875000000002
0 0.4765625 0.8828125 0.0203125 0.2328125
0 0.51328125 0.7855468750000001 0.0171875 0.20859375000000002
0 0.554296875 0.835546875 0.014843750000000001 0.32734375000000004
0 0.59765625 0.7699218750000001 0.0140625 0.11015625000000001
0 0.605078125 0.408203125 0.06015625 0.01640625
0 0.46601562500000004 0.045312500000000006 0.01953125 0.09062500000000001
0 0.43671875000000004 0.43671875000000004 0.025 0.1078125
0 0.42304687500000004 0.63828125 0.03359375 0.28750000000000003
