0 0.45351562500000003 0.9328125 0.02421875 0.1328125
0 0.527734375 0.8367187500000001 0.10546875 0.051562500000000004
0 0.6468750000000001 0.7828125 0.1609375 0.0203125
0 0.6820312500000001 0.479296875 0.0140625 0.56171875
0 0.6687500000000001 0.15625 0.2671875 0.035937500000000004
0 0.59140625 0.06992187500000001 0.015625 0.13984375000000002
0 0.591015625 0.291796875 0.01640625 0.28984375
0 0.5867187500000001 0.5765625 0.018750000000000003 0.278125
0 0.63671875 0.08671875000000001 0.010937500000000001 0.10625000000000001
0 0.61640625 0.060937500000000006 0.015625 0.07187500000000001
0 0.628515625 0.8921875 0.013281250000000001 0.21406250000000002
0 0.47968750000000004 0.36015625 0.043750000000000004 0.010937500000000001
0 0.503515625 0.381640625 0.00859375 0.10703125000000001
0 0.654296875 0.032421875 0.00859375 0.041406250000000006
0 0.623046875 0.21015625000000002 0.01171875 0.0578125
0 0.6335937500000001 0.34687500000000004 0.021875000000000002 0.07968750000000001
0 0.633984375 0.482421875 0.013281250000000001 0.09765625
