0 0.6351562500000001 0.12734375 0.1328125 0.0171875
0 0.5300781250000001 0.1625 0.06796875000000001 0.018750000000000003
0 0.6585937500000001 0.813671875 0.0703125 0.03515625
0 0.598046875 0.8148437500000001 0.05390625 0.035937500000000004
0 0.55 0.880078125 0.015625 0.23203125000000002
0 0.45234375000000004 0.253125 0.046875 0.11406250000000001
0 0.428515625 0.35585937500000003 0.014843750000000001 0.08203125
0 0.45703125 0.37109375 0.035937500000000004 0.07968750000000001
0 0.665234375 0.0578125 0.013281250000000001 0.115625
0 0.5183593750000001 0.199609375 0.0054687500000000005 0.057031250000000006
0 0.56171875 0.530859375 0.0203125 0.35390625000000003
