0 0.45 0.6765625000000001 0.18906250000000002 0.0328125
0 0.642578125 0.628125 0.07890625000000001 0.025
0 0.7156250000000001 0.58984375 0.1265625 0.029687500000000002
0 0.6882812500000001 0.286328125 0.015625 0.57265625
0 0.675390625 0.823828125 0.017968750000000002 0.35078125000000004
0 0.5171875 0.833203125 0.021875000000000002 0.33203125
0 0.5300781250000001 0.6019531250000001 0.03828125 0.09765625
0 0.5183593750000001 0.51875 0.014843750000000001 0.0625
0 0.59296875 0.47187500000000004 0.026562500000000003 0.2515625
0 0.6171875 0.28515625 0.0125 0.07968750000000001
0 0.6003906250000001 0.205859375 0.013281250000000001 0.17265625
0 0.39882812500000003 0.61328125 0.00859375 0.08281250000000001
0 0.46015625000000004 0.616796875 0.0171875 0.10859375
