0 0.137109375 0.15585937500000002 0.01953125 0.30546875
0 0.18320312500000002 0.044921875 0.014843750000000001 0.07421875
0 0.26992187500000003 0.053125000000000006 0.02109375 0.0765625
0 0.184375 0.2421875 0.0171875 0.084375
0 0.18203125 0.30546875 0.009375000000000001 0.03125
0 0.11484375000000001 0.562890625 0.07500000000000001 0.022656250000000003
0 0.096875 0.62421875 0.040625 0.026562500000000003
0 0.2765625 0.508203125 0.078125 0.041406250000000006
0 0.47382812500000004 0.6257812500000001 0.04453125 0.0171875
0 0.466796875 0.578515625 0.025781250000000002 0.013281250000000001
0 0.17304687500000002 0.953125 0.26015625000000003 0.0921875
0 0.18515625000000002 0.8343750000000001 0.040625 0.0859375
0 0.25078125 0.8343750000000001 0.05 0.037500000000000006
0 0.21210937500000002 0.6507812500000001 0.09921875000000001 0.31093750000000003
0 0.209765625 0.42109375000000004 0.09453125000000001 0.1453125
0 0.1390625 0.350390625 0.025 0.02109375
0 0.15000000000000002 0.523828125 0.0578125 0.049218750000000006
