0 0.6292968750000001 0.60078125 0.42734375 0.05625
0 0.13984375000000002 0.06171875 0.25 0.1234375
0 0.07773437500000001 0.34140625 0.07109375 0.015625
0 0.152734375 0.984375 0.10078125 0.029687500000000002
0 0.176171875 0.9050781250000001 0.01953125 0.13671875
0 0.178515625 0.76484375 0.030468750000000003 0.0890625
0 0.224609375 0.5671875000000001 0.03515625 0.2265625
0 0.16562500000000002 0.524609375 0.05 0.15703125
0 0.162890625 0.6628906250000001 0.055468750000000004 0.10390625
3 0.18476562500000002 0.273046875 0.13359375 0.26640625
0 0.13125 0.52578125 0.0125 0.015625
0 0.13007812500000002 0.6746093750000001 0.014843750000000001 0.18046875
