0 0.6218750000000001 0.7976562500000001 0.43125 0.1453125
0 0.148828125 0.346484375 0.26484375 0.030468750000000003
0 0.5015625 0.365234375 0.026562500000000003 0.33359375
0 0.7359375 0.21484375 0.037500000000000006 0.2234375
0 0.7445312500000001 0.037890625000000004 0.018750000000000003 0.07578125000000001
0 0.21640625000000002 0.8656250000000001 0.0140625 0.2671875
0 0.154296875 0.788671875 0.07578125000000001 0.41640625000000003
0 0.21640625000000002 0.55625 0.015625 0.0703125
0 0.170703125 0.41054687500000003 0.01640625 0.08046875
0 0.18984375 0.451171875 0.010937500000000001 0.06015625
0 0.13398437500000002 0.385546875 0.017968750000000002 0.06328125
0 0.21601562500000002 0.16484375 0.02109375 0.3296875
0 0.17343750000000002 0.06601562500000001 0.018750000000000003 0.13203125000000002
0 0.7898437500000001 0.029687500000000002 0.010937500000000001 0.059375000000000004
0 0.7371093750000001 0.640234375 0.01015625 0.05859375
0 0.46953125 0.651953125 0.025 0.22265625
0 0.6316406250000001 0.9343750000000001 0.013281250000000001 0.1296875
0 0.66171875 0.926953125 0.0171875 0.10078125
0 0.765234375 0.046484375 0.014843750000000001 0.09296875
0 0.1390625 0.31015625 0.029687500000000002 0.0421875
0 0.17695312500000002 0.30585937500000004 0.01640625 0.04453125
0 0.14453125 0.5613281250000001 0.015625 0.047656250000000004
