0 0.30078125 0.515234375 0.046875 0.02109375
0 0.591796875 0.43398437500000003 0.47421875 0.11640625
0 0.76484375 0.499609375 0.0421875 0.99921875
0 0.38671875 0.7421875 0.0203125 0.5140625
0 0.39179687500000004 0.28046875 0.01015625 0.28750000000000003
0 0.1390625 0.19296875000000002 0.010937500000000001 0.1375
0 0.13359375 0.507421875 0.034375 0.40859375000000003
0 0.13828125 0.634765625 0.240625 0.04296875
0 0.0625 0.86484375 0.07500000000000001 0.026562500000000003
0 0.14765625000000002 0.780859375 0.059375000000000004 0.03828125
0 0.19648437500000002 0.844921875 0.06640625 0.30078125
0 0.131640625 0.9046875000000001 0.047656250000000004 0.18906250000000002
0 0.09453125000000001 0.49726562500000004 0.0203125 0.01171875
0 0.208984375 0.666015625 0.00703125 0.02421875
