0 0.62421875 0.37929687500000003 0.4265625 0.08671875000000001
0 0.076171875 0.10390625 0.07578125000000001 0.0203125
0 0.06015625 0.9828125000000001 0.09843750000000001 0.0234375
0 0.229296875 0.9296875 0.09296875 0.1390625
0 0.151171875 0.865234375 0.04296875 0.26796875000000003
0 0.7625000000000001 0.499609375 0.06875 0.99921875
0 0.8050781250000001 0.8597656250000001 0.017968750000000002 0.21796875000000002
0 0.091796875 0.23554687500000002 0.14765625000000002 0.36015625
0 0.16015625 0.45625000000000004 0.0390625 0.1234375
0 0.21406250000000002 0.4859375 0.0171875 0.1078125
0 0.150390625 0.57421875 0.02890625 0.0171875
0 0.6511718750000001 0.05859375 0.013281250000000001 0.09062500000000001
0 0.20703125 0.135546875 0.07968750000000001 0.27109375
0 0.146875 0.01640625 0.040625 0.0328125
0 0.215234375 0.350390625 0.11015625000000001 0.05390625
