0 0.632421875 0.1640625 0.42890625000000004 0.146875
0 0.080078125 0.70703125 0.07734375 0.0140625
0 0.21796875000000002 0.91328125 0.026562500000000003 0.171875
0 0.6273437500000001 0.9769531250000001 0.42812500000000003 0.04453125
0 0.074609375 0.437109375 0.08828125 0.03671875
0 0.195703125 0.40664062500000003 0.13203125000000002 0.022656250000000003
0 0.17421875 0.452734375 0.0125 0.07109375
0 0.22578125000000002 0.24960937500000002 0.0171875 0.29453125
0 0.168359375 0.20468750000000002 0.08515625 0.40937500000000004
0 0.224609375 0.46210937500000004 0.01953125 0.01953125
3 0.189453125 0.650390625 0.12109375 0.27109375
0 0.1640625 0.90390625 0.05 0.19062500000000002
