0 0.12578125 0.6585937500000001 0.03125 0.375
0 0.174609375 0.068359375 0.22578125000000002 0.04296875
0 0.177734375 0.46015625000000004 0.26171875 0.028125
0 0.16757812500000002 0.9390625 0.24609375 0.0390625
0 0.665234375 0.7972656250000001 0.17109375000000002 0.06015625
0 0.783203125 0.716015625 0.10859375 0.049218750000000006
0 0.8011718750000001 0.59609375 0.07734375 0.03125
0 0.8054687500000001 0.7839843750000001 0.05625 0.03359375
0 0.056640625 0.099609375 0.017968750000000002 0.19296875000000002
0 0.73046875 0.43984375000000003 0.025 0.025
0 0.7933593750000001 0.44843750000000004 0.06796875000000001 0.0140625
