2 0.229296875 0.45859375 0.24453125 0.03125
0 0.578125 0.5867187500000001 0.1046875 0.028125
0 0.70078125 0.597265625 0.1265625 0.02421875
2 0.8359375 0.6019531250000001 0.12187500000000001 0.030468750000000003
2 0.69296875 0.46796875000000004 0.42500000000000004 0.025
0 0.2921875 0.862890625 0.09062500000000001 0.032031250000000004
0 0.508984375 0.874609375 0.04453125 0.022656250000000003
0 0.49843750000000003 0.829296875 0.0234375 0.01015625
0 0.596875 0.7757812500000001 0.1046875 0.0484375
0 0.7214843750000001 0.77734375 0.13046875 0.1203125
0 0.662109375 0.923828125 0.014843750000000001 0.15078125
0 0.606640625 0.966796875 0.08984375 0.06484375
0 0.302734375 0.547265625 0.057031250000000006 0.06171875
0 0.22226562500000002 0.543359375 0.055468750000000004 0.022656250000000003
0 0.6589843750000001 0.5515625000000001 0.02109375 0.07968750000000001
