0 0.703125 0.6218750000000001 0.40937500000000004 0.06875
0 0.253125 0.444921875 0.22031250000000002 0.030468750000000003
0 0.260546875 0.20859375000000002 0.055468750000000004 0.0203125
0 0.779296875 0.037890625000000004 0.27265625 0.07578125000000001
0 0.16562500000000002 0.68359375 0.07968750000000001 0.037500000000000006
0 0.267578125 0.273046875 0.01015625 0.02890625
0 0.294140625 0.354296875 0.01953125 0.15234375
0 0.30234375 0.55234375 0.018750000000000003 0.2171875
0 0.3125 0.8953125000000001 0.010937500000000001 0.065625
0 0.51328125 0.81015625 0.015625 0.2328125
0 0.548046875 0.8546875 0.022656250000000003 0.2859375
0 0.55234375 0.178125 0.0203125 0.35625
0 0.721875 0.197265625 0.0203125 0.26796875000000003
0 0.19492187500000002 0.08945312500000001 0.017968750000000002 0.17890625000000002
0 0.26601562500000003 0.12617187500000002 0.014843750000000001 0.07109375
0 0.258984375 0.401171875 0.014843750000000001 0.05234375
0 0.26484375 0.6156250000000001 0.0125 0.05625
0 0.587890625 0.7058593750000001 0.013281250000000001 0.12890625
