0 0.6449218750000001 0.749609375 0.07890625000000001 0.32265625000000003
0 0.837109375 0.65546875 0.02109375 0.146875
0 0.818359375 0.475390625 0.01171875 0.18359375
0 0.19101562500000002 0.9125000000000001 0.02734375 0.17343750000000002
0 0.24765625000000002 0.304296875 0.0328125 0.60859375
0 0.14921875 0.26406250000000003 0.010937500000000001 0.1453125
0 0.81015625 0.034375 0.0125 0.06875
0 0.6003906250000001 0.240625 0.047656250000000004 0.48125
0 0.7109375 0.087890625 0.1765625 0.06328125
0 0.8402343750000001 0.07890625000000001 0.055468750000000004 0.029687500000000002
0 0.562109375 0.566015625 0.23203125000000002 0.032031250000000004
0 0.745703125 0.573828125 0.13046875 0.03359375
0 0.848828125 0.5730468750000001 0.06171875 0.025781250000000002
0 0.1953125 0.6640625 0.24375000000000002 0.0390625
0 0.5867187500000001 0.8167968750000001 0.0171875 0.26953125
0 0.505859375 0.31757812500000004 0.013281250000000001 0.12265625000000001
0 0.50703125 0.09453125000000001 0.078125 0.034375
0 0.50703125 0.7039062500000001 0.021875000000000002 0.0671875
0 0.7972656250000001 0.8734375000000001 0.05390625 0.0171875
