0 0.31015625 0.36250000000000004 0.1 0.028125
0 0.22617187500000002 0.7601562500000001 0.013281250000000001 0.0625
0 0.596875 0.47968750000000004 0.0765625 0.07187500000000001
0 0.66953125 0.419921875 0.015625 0.14296875
0 0.66953125 0.56796875 0.015625 0.08281250000000001
0 0.669140625 0.794921875 0.01640625 0.34609375000000003
0 0.7292968750000001 0.2734375 0.13359375 0.1125
0 0.6023437500000001 0.268359375 0.1046875 0.047656250000000004
0 0.5859375 0.08867187500000001 0.1015625 0.02890625
2 0.7093750000000001 0.096875 0.125 0.021875000000000002
2 0.8421875000000001 0.101953125 0.1296875 0.02890625
0 0.240234375 0.042578125 0.041406250000000006 0.017968750000000002
0 0.31289062500000003 0.03828125 0.06484375 0.0765625
0 0.508984375 0.32539062500000004 0.01953125 0.014843750000000001
0 0.519140625 0.369921875 0.03828125 0.02109375
0 0.1625 0.591015625 0.0390625 0.14296875
