0 0.286328125 0.22812500000000002 0.23046875 0.035937500000000004
0 0.282421875 0.27578125000000003 0.23046875 0.0625
0 0.283203125 0.503515625 0.07265625 0.02734375
0 0.6097656250000001 0.7601562500000001 0.20703125 0.19843750000000002
0 0.7625000000000001 0.362109375 0.09062500000000001 0.12265625000000001
0 0.59609375 0.12187500000000001 0.0765625 0.026562500000000003
0 0.34101562500000004 0.10703125000000001 0.025781250000000002 0.21406250000000002
0 0.2984375 0.856640625 0.045312500000000006 0.28515625
0 0.29726562500000003 0.43789062500000003 0.022656250000000003 0.06328125
0 0.31093750000000003 0.365234375 0.010937500000000001 0.047656250000000004
0 0.22773437500000002 0.896484375 0.01171875 0.08359375000000001
0 0.8132812500000001 0.6335937500000001 0.23593750000000002 0.045312500000000006
