0 0.7093750000000001 0.882421875 0.41250000000000003 0.03671875
0 0.71640625 0.40742187500000004 0.40937500000000004 0.07421875
0 0.581640625 0.44960937500000003 0.04453125 0.014843750000000001
0 0.62109375 0.06601562500000001 0.05625 0.022656250000000003
0 0.290625 0.753515625 0.045312500000000006 0.03515625
0 0.17734375000000002 0.890234375 0.0140625 0.21796875000000002
0 0.2828125 0.9339843750000001 0.037500000000000006 0.13046875
0 0.322265625 0.6160156250000001 0.02421875 0.51171875
0 0.2765625 0.536328125 0.0125 0.04609375
0 0.276171875 0.43515625 0.025781250000000002 0.15156250000000002
0 0.21640625000000002 0.39921875 0.028125 0.0890625
0 0.19921875 0.35078125000000004 0.08125 0.025
2 0.310546875 0.35390625000000003 0.14609375 0.025
0 0.576171875 0.7132812500000001 0.01953125 0.3125
0 0.63203125 0.677734375 0.034375 0.36171875000000003
0 0.661328125 0.198046875 0.01640625 0.10859375
0 0.648046875 0.3125 0.017968750000000002 0.12812500000000002
0 0.322265625 0.173828125 0.02421875 0.34765625
0 0.5625 0.9417968750000001 0.0171875 0.11484375000000001
0 0.22109375 0.935546875 0.0859375 0.02109375
0 0.7738281250000001 0.160546875 0.06328125 0.01640625
0 0.1765625 0.213671875 0.010937500000000001 0.12890625
