0 0.365234375 0.04296875 0.02421875 0.084375
0 0.7289062500000001 0.21015625000000002 0.07968750000000001 0.09531250000000001
0 0.637890625 0.22968750000000002 0.06171875 0.109375
0 0.8113281250000001 0.23164062500000002 0.04453125 0.46328125000000003
0 0.75546875 0.7113281250000001 0.09531250000000001 0.28046875
0 0.373046875 0.24375000000000002 0.041406250000000006 0.284375
0 0.355078125 0.540625 0.049218750000000006 0.40156250000000004
0 0.358203125 0.85078125 0.02890625 0.296875
0 0.444921875 0.87265625 0.01640625 0.1203125
0 0.48984375 0.926953125 0.03125 0.14453125
0 0.7878906250000001 0.952734375 0.02109375 0.09296875
0 0.7507812500000001 0.47382812500000004 0.2171875 0.09453125000000001
0 0.8992187500000001 0.54609375 0.13125 0.0234375
0 0.33906250000000004 0.0890625 0.23593750000000002 0.05
0 0.33242187500000003 0.3984375 0.23046875 0.034375
0 0.45078125 0.307421875 0.12187500000000001 0.06015625
0 0.459765625 0.676953125 0.022656250000000003 0.06484375
0 0.471484375 0.369140625 0.02421875 0.04609375
0 0.49257812500000003 0.39101562500000003 0.017968750000000002 0.02421875
0 0.49531250000000004 0.36484375 0.0328125 0.018750000000000003
0 0.494921875 0.22812500000000002 0.022656250000000003 0.09843750000000001
0 0.4546875 0.7296875 0.010937500000000001 0.0390625
0 0.527734375 0.5765625 0.04296875 0.8453125
