0 0.229296875 0.33359375 0.09140625000000001 0.015625
0 0.2890625 0.451171875 0.035937500000000004 0.36171875000000003
0 0.30234375 0.15703125 0.040625 0.037500000000000006
0 0.330078125 0.134765625 0.02421875 0.26953125
0 0.185546875 0.253515625 0.017968750000000002 0.14609375
0 0.17929687500000002 0.47773437500000004 0.025781250000000002 0.28046875
0 0.205078125 0.425390625 0.01953125 0.06015625
0 0.16523437500000002 0.7351562500000001 0.013281250000000001 0.1203125
0 0.16132812500000002 0.88828125 0.017968750000000002 0.0921875
0 0.2765625 0.8191406250000001 0.0421875 0.36015625
0 0.240625 0.929296875 0.018750000000000003 0.07265625
0 0.56015625 0.534375 0.0234375 0.5015625
0 0.5796875 0.13789062500000002 0.028125 0.27578125000000003
0 0.634375 0.13007812500000002 0.025 0.26015625000000003
0 0.719921875 0.28945312500000003 0.43671875000000004 0.032031250000000004
2 0.25 0.6359375 0.2328125 0.040625
0 0.7957031250000001 0.49062500000000003 0.017968750000000002 0.09531250000000001
