0 0.284375 0.52578125 0.026562500000000003 0.584375
0 0.2984375 0.8921875 0.00625 0.05
0 0.350390625 0.849609375 0.01953125 0.15234375
0 0.34492187500000004 0.96015625 0.02890625 0.078125
0 0.386328125 0.041796875000000004 0.013281250000000001 0.08359375000000001
0 0.805859375 0.91328125 0.01953125 0.171875
0 0.798828125 0.6265625 0.017968750000000002 0.11093750000000001
0 0.817578125 0.7523437500000001 0.02890625 0.109375
0 0.7015625000000001 0.33203125 0.015625 0.05625
0 0.7230468750000001 0.146875 0.03359375 0.1125
0 0.28984375 0.07109375 0.0171875 0.1421875
0 0.255078125 0.15703125 0.05859375 0.043750000000000004
0 0.32656250000000003 0.31015625 0.234375 0.0328125
0 0.35625 0.590234375 0.084375 0.02734375
0 0.7722656250000001 0.8074218750000001 0.40546875000000004 0.09921875000000001
0 0.870703125 0.359375 0.13984375000000002 0.0390625
0 0.71484375 0.394140625 0.06406250000000001 0.022656250000000003
0 0.6726562500000001 0.06328125 0.06875 0.0234375
0 0.741796875 0.008203125 0.05859375 0.01640625
0 0.40351562500000004 0.9910156250000001 0.06796875000000001 0.01640625
0 0.26601562500000003 0.955078125 0.014843750000000001 0.08828125
0 0.718359375 0.7152343750000001 0.01171875 0.08203125
0 0.775390625 0.40234375 0.01953125 0.05625
0 0.6179687500000001 0.057421875000000004 0.025 0.11484375000000001
