0 0.728515625 0.194140625 0.43515625 0.07109375
0 0.744140625 0.5886718750000001 0.39453125 0.08046875
0 0.7515625 0.95234375 0.43125 0.08125
0 0.369140625 0.909375 0.09609375 0.0234375
0 0.30234375 0.265234375 0.2390625 0.032031250000000004
0 0.7734375 0.08359375000000001 0.028125 0.15625
0 0.782421875 0.244921875 0.01640625 0.10234375000000001
0 0.351171875 0.133203125 0.06015625 0.26328125
0 0.2890625 0.20859375000000002 0.034375 0.028125
0 0.290625 0.14609375 0.009375000000000001 0.05
0 0.43085937500000004 0.025 0.013281250000000001 0.05
0 0.47421875 0.11328125 0.028125 0.2265625
0 0.5078125 0.11171875 0.03125 0.2234375
0 0.5296875 0.253125 0.0078125 0.05
0 0.3296875 0.6335937500000001 0.059375000000000004 0.7312500000000001
0 0.26601562500000003 0.390234375 0.08046875 0.07265625
