0 0.288671875 0.279296875 0.05390625 0.50546875
0 0.2546875 0.534375 0.0234375 0.08281250000000001
0 0.30195312500000004 0.56875 0.01015625 0.028125
0 0.23828125 0.448046875 0.0203125 0.02421875
0 0.24726562500000002 0.400390625 0.01953125 0.06640625
0 0.2390625 0.31757812500000004 0.018750000000000003 0.06953125
0 0.19453125000000002 0.620703125 0.028125 0.26640625
0 0.2625 0.697265625 0.0140625 0.06953125
0 0.263671875 0.8445312500000001 0.014843750000000001 0.029687500000000002
0 0.29335937500000003 0.92578125 0.017968750000000002 0.146875
0 0.256640625 0.96796875 0.013281250000000001 0.0625
0 0.5496093750000001 0.698828125 0.022656250000000003 0.49921875000000004
0 0.7214843750000001 0.7523437500000001 0.02109375 0.3125
0 0.776953125 0.62265625 0.26015625000000003 0.053125000000000006
0 0.603515625 0.568359375 0.23671875 0.05078125
0 0.558984375 0.08554687500000001 0.01953125 0.17109375000000002
0 0.258984375 0.025781250000000002 0.24140625000000002 0.035937500000000004
0 0.25820312500000003 0.779296875 0.05859375 0.02109375
0 0.737890625 0.412890625 0.025781250000000002 0.23515625
