0 0.49726562500000004 0.7203125 0.039843750000000004 0.5578125
0 0.662109375 0.574609375 0.02109375 0.19296875000000002
0 0.33984375 0.555859375 0.0140625 0.28671875
0 0.6015625 0.18828125 0.029687500000000002 0.3765625
0 0.66328125 0.045312500000000006 0.0140625 0.09062500000000001
0 0.384375 0.1796875 0.06406250000000001 0.359375
0 0.34765625 0.1703125 0.0078125 0.046875
0 0.5222656250000001 0.3375 0.022656250000000003 0.046875
0 0.486328125 0.219140625 0.11171875 0.23203125000000002
0 0.465625 0.047656250000000004 0.040625 0.0578125
0 0.503125 0.030468750000000003 0.015625 0.060937500000000006
0 0.5125000000000001 0.42500000000000004 0.6171875 0.084375
0 0.3359375 0.9417968750000001 0.0125 0.08828125
0 0.58515625 0.9242187500000001 0.0125 0.096875
