0 0.248828125 0.21640625000000002 0.041406250000000006 0.43281250000000004
0 0.362890625 0.21054687500000002 0.04453125 0.42109375000000004
0 0.34296875000000004 0.724609375 0.025 0.41796875
0 0.29765625 0.814453125 0.0234375 0.29296875
0 0.5453125 0.48867187500000003 0.8609375 0.11484375000000001
0 0.40273437500000003 0.40937500000000004 0.05078125 0.040625
0 0.18867187500000002 0.17421875 0.07890625000000001 0.025
0 0.3125 0.17500000000000002 0.035937500000000004 0.0203125
0 0.326171875 0.219140625 0.03515625 0.10078125
0 0.8324218750000001 0.19375 0.06640625 0.3828125
0 0.22968750000000002 0.8914062500000001 0.0125 0.140625
0 0.5140625 0.171875 0.065625 0.0484375
0 0.508984375 0.060937500000000006 0.02734375 0.096875
0 0.5007812500000001 0.23828125 0.09843750000000001 0.025
0 0.60703125 0.19257812500000002 0.05625 0.02734375
0 0.608984375 0.3453125 0.02734375 0.1625
0 0.6765625000000001 0.059375000000000004 0.0125 0.11875000000000001
0 0.823828125 0.85546875 0.02890625 0.1484375
0 0.8441406250000001 0.6000000000000001 0.01015625 0.13125
