0 0.5867187500000001 0.7308593750000001 0.0203125 0.46328125000000003
0 0.6414062500000001 0.6468750000000001 0.010937500000000001 0.1203125
0 0.4 0.484375 0.0734375 0.96875
0 0.5222656250000001 0.19453125000000002 0.022656250000000003 0.38906250000000003
0 0.32148437500000004 0.9636718750000001 0.15390625000000002 0.07109375
0 0.300390625 0.349609375 0.01640625 0.09453125000000001
0 0.599609375 0.26328125 0.039843750000000004 0.4375
0 0.3515625 0.6292968750000001 0.0140625 0.12734375
0 0.51328125 0.80390625 0.0421875 0.146875
0 0.48359375000000004 0.875 0.010937500000000001 0.0703125
