0 0.594921875 0.23164062500000002 0.017968750000000002 0.05390625
0 0.5859375 0.094921875 0.0203125 0.18984375
0 0.386328125 0.19648437500000002 0.013281250000000001 0.12421875
0 0.337890625 0.21406250000000002 0.01953125 0.1171875
0 0.37578125 0.6429687500000001 0.0171875 0.35468750000000004
0 0.36171875000000003 0.866796875 0.0140625 0.08515625
0 0.37265625 0.9558593750000001 0.015625 0.08203125
0 0.28750000000000003 0.97578125 0.015625 0.046875
0 0.595703125 0.8386718750000001 0.04453125 0.32109375
0 0.516796875 0.6820312500000001 0.01640625 0.634375
0 0.513671875 0.17539062500000002 0.02734375 0.35078125000000004
0 0.4265625 0.366015625 0.0078125 0.041406250000000006
0 0.42421875000000003 0.43046875 0.0140625 0.07187500000000001
0 0.41835937500000003 0.7351562500000001 0.014843750000000001 0.5281250000000001
0 0.38789062500000004 0.42734375 0.017968750000000002 0.0859375
0 0.444921875 0.431640625 0.01171875 0.08203125
0 0.38515625000000003 0.33984375 0.2390625 0.040625
0 0.653515625 0.37617187500000004 0.26484375 0.04453125
0 0.57421875 0.6332031250000001 0.035937500000000004 0.017968750000000002
