0 0.377734375 0.624609375 0.02109375 0.20546875
0 0.7074218750000001 0.44843750000000004 0.06953125 0.34375
0 0.7156250000000001 0.14179687500000002 0.0671875 0.28359375000000003
0 0.5578125 0.276953125 0.07500000000000001 0.55390625
0 0.498828125 0.18476562500000002 0.04453125 0.36953125000000003
0 0.38359375 0.319140625 0.018750000000000003 0.40234375
0 0.3171875 0.25703125 0.0140625 0.275
0 0.326171875 0.065234375 0.01953125 0.08203125
0 0.25039062500000003 0.6078125000000001 0.06171875 0.018750000000000003
0 0.276953125 0.012890625000000001 0.21796875000000002 0.025781250000000002
1 0.76328125 0.420703125 0.037500000000000006 0.06328125
0 0.58515625 0.80859375 0.21406250000000002 0.38125000000000003
0 0.735546875 0.68125 0.09453125000000001 0.028125
