0 0.45937500000000003 0.676953125 0.628125 0.09765625
0 0.46640625 0.453125 0.026562500000000003 0.43281250000000004
0 0.46171875 0.11484375000000001 0.026562500000000003 0.2265625
0 0.376953125 0.2921875 0.014843750000000001 0.42031250000000003
0 0.55859375 0.33359375 0.0765625 0.6671875
0 0.67734375 0.591015625 0.021875000000000002 0.09765625
0 0.6488281250000001 0.409765625 0.017968750000000002 0.21015625000000002
0 0.649609375 0.14296875 0.03671875 0.2859375
0 0.5066406250000001 0.2890625 0.06796875000000001 0.053125000000000006
0 0.558203125 0.84140625 0.025781250000000002 0.31562500000000004
0 0.696484375 0.8074218750000001 0.07734375 0.29453125
0 0.47968750000000004 0.841796875 0.0390625 0.31484375000000003
