0 0.822265625 0.5484375 0.01953125 0.1859375
0 0.51796875 0.8234375 0.0171875 0.12812500000000002
0 0.509765625 0.946484375 0.03515625 0.10546875
0 0.36835937500000004 0.531640625 0.017968750000000002 0.40859375000000003
0 0.37265625 0.23164062500000002 0.0171875 0.16640625
0 0.039453125000000006 0.07109375 0.017968750000000002 0.1421875
0 0.034765625 0.35195312500000003 0.030468750000000003 0.39921875
0 0.06406250000000001 0.6429687500000001 0.0234375 0.31093750000000003
0 0.24531250000000002 0.7234375000000001 0.015625 0.1265625
0 0.2625 0.958984375 0.0921875 0.07265625
0 0.5066406250000001 0.41953125 0.01640625 0.1703125
0 0.669921875 0.43515625 0.01640625 0.10625000000000001
0 0.487890625 0.12265625000000001 0.96484375 0.060937500000000006
0 0.8125 0.417578125 0.0171875 0.08203125
0 0.81640625 0.314453125 0.015625 0.10546875
0 0.82421875 0.17265625 0.0125 0.06406250000000001
0 0.075390625 0.4390625 0.013281250000000001 0.1015625
0 0.8187500000000001 0.9242187500000001 0.0171875 0.15000000000000002
0 0.84921875 0.95703125 0.03125 0.034375
