0 0.663671875 0.098046875 0.03359375 0.19609375
0 0.6890625 0.415625 0.0421875 0.4265625
0 0.6046875 0.8617187500000001 0.026562500000000003 0.275
0 0.15859375 0.751953125 0.3171875 0.06328125
0 0.50546875 0.6859375000000001 0.375 0.1078125
0 0.8480468750000001 0.703125 0.30078125 0.1484375
0 0.22226562500000002 0.22734375 0.43203125000000003 0.065625
2 0.7195312500000001 0.203125 0.55 0.0328125
0 0.20859375000000002 0.59921875 0.0578125 0.021875000000000002
0 0.22578125000000002 0.119140625 0.109375 0.017968750000000002
0 0.03515625 0.08046875 0.0625 0.028125
0 0.1546875 0.08476562500000001 0.084375 0.02734375
0 0.42695312500000004 0.5578125 0.03671875 0.1390625
0 0.70859375 0.80078125 0.0859375 0.0234375
0 0.7351562500000001 0.93671875 0.1203125 0.0328125
