0 0.551171875 0.530859375 0.025781250000000002 0.12578125
0 0.658203125 0.22421875000000002 0.06328125 0.38906250000000003
0 0.498046875 0.133203125 0.13671875 0.26640625
0 0.381640625 0.21250000000000002 0.07265625 0.353125
0 0.4734375 0.282421875 0.08125 0.02734375
0 0.40625 0.5078125 0.018750000000000003 0.234375
0 0.1859375 0.50546875 0.0671875 0.22812500000000002
0 0.023828125000000002 0.416015625 0.047656250000000004 0.32421875
0 0.03125 0.19921875 0.0171875 0.1015625
0 0.044921875 0.1203125 0.01171875 0.0703125
0 0.0234375 0.08281250000000001 0.0421875 0.009375000000000001
0 0.212890625 0.640234375 0.11328125 0.041406250000000006
0 0.5457031250000001 0.6703125000000001 0.51015625 0.1015625
0 0.275 0.9125000000000001 0.034375 0.16875
0 0.486328125 0.9398437500000001 0.017968750000000002 0.11875000000000001
0 0.63828125 0.95703125 0.018750000000000003 0.084375
0 0.68125 0.9144531250000001 0.018750000000000003 0.11953125
0 0.17265625 0.89765625 0.0125 0.0734375
0 0.17500000000000002 0.9765625 0.010937500000000001 0.045312500000000006
0 0.719921875 0.22734375 0.05859375 0.0203125
0 0.6531250000000001 0.45546875000000003 0.045312500000000006 0.0140625
0 0.09765625 0.7191406250000001 0.0140625 0.14453125
0 0.32929687500000004 0.215234375 0.047656250000000004 0.030468750000000003
0 0.602734375 0.018359375 0.032031250000000004 0.03671875
0 0.134765625 0.6234375000000001 0.03828125 0.015625
0 0.084375 0.622265625 0.06406250000000001 0.049218750000000006
0 0.023828125000000002 0.63984375 0.047656250000000004 0.018750000000000003
