0 0.208984375 0.6156250000000001 0.41796875 0.046875
0 0.068359375 0.759765625 0.13671875 0.04453125
0 0.6550781250000001 0.7839843750000001 0.05234375 0.43046875
0 0.6015625 0.42734375 0.0203125 0.16562500000000002
0 0.83359375 0.35781250000000003 0.029687500000000002 0.1796875
0 0.70078125 0.23164062500000002 0.0203125 0.10234375000000001
0 0.42265625 0.5320312500000001 0.3671875 0.0546875
0 0.76484375 0.48125 0.3171875 0.0671875
0 0.737890625 0.30976562500000004 0.01015625 0.07578125000000001
0 0.401171875 0.32890625 0.01171875 0.051562500000000004
0 0.9710937500000001 0.7640625000000001 0.05625 0.028125
0 0.87421875 0.724609375 0.1171875 0.02421875
