0 0.058984375000000006 0.083984375 0.01953125 0.16796875
0 0.052734375 0.37578125 0.03515625 0.390625
0 0.06992187500000001 0.66796875 0.01640625 0.3125
0 0.38007812500000004 0.5578125 0.025781250000000002 0.38906250000000003
0 0.255859375 0.763671875 0.013281250000000001 0.09921875000000001
0 0.527734375 0.8503906250000001 0.013281250000000001 0.11796875000000001
0 0.82421875 0.543359375 0.0203125 0.25859375
0 0.48984375 0.162109375 0.9734375000000001 0.057031250000000006
0 0.89375 0.019921875000000002 0.15000000000000002 0.039843750000000004
0 0.26992187500000003 0.9710937500000001 0.09453125000000001 0.046875
0 0.517578125 0.38828125 0.013281250000000001 0.045312500000000006
0 0.5234375 0.5171875 0.0140625 0.09843750000000001
0 0.67890625 0.462890625 0.018750000000000003 0.09140625000000001
0 0.67890625 0.296875 0.015625 0.0859375
0 0.5222656250000001 0.955078125 0.01953125 0.08828125
0 0.37617187500000004 0.788671875 0.013281250000000001 0.06640625
0 0.828125 0.9417968750000001 0.009375000000000001 0.11484375000000001
0 0.8515625 0.9859375 0.025 0.026562500000000003
