0 0.519921875 0.54140625 0.02421875 0.2671875
0 0.499609375 0.21640625000000002 0.02421875 0.1875
0 0.37578125 0.29375 0.0125 0.08750000000000001
0 0.5796875 0.24765625000000002 0.018750000000000003 0.1171875
0 0.6664062500000001 0.401953125 0.040625 0.20078125000000002
0 0.6433593750000001 0.215234375 0.01640625 0.15234375
0 0.645703125 0.0203125 0.01640625 0.040625
0 0.69296875 0.810546875 0.0328125 0.37578125
0 0.6140625000000001 0.8660156250000001 0.025 0.26640625
0 0.5359375000000001 0.7976562500000001 0.040625 0.12812500000000002
0 0.5320312500000001 0.9769531250000001 0.009375000000000001 0.04453125
0 0.44648437500000004 0.8597656250000001 0.02734375 0.18203125
0 0.3203125 0.82421875 0.03125 0.184375
0 0.3015625 0.71015625 0.00625 0.053125000000000006
0 0.43359375 0.358984375 0.046875 0.71796875
0 0.255078125 0.6734375 0.08828125 0.03125
0 0.375 0.6707031250000001 0.1421875 0.025781250000000002
0 0.534765625 0.702734375 0.15390625000000002 0.06640625
0 0.7488281250000001 0.75703125 0.10078125 0.0234375
0 0.6394531250000001 0.515234375 0.041406250000000006 0.022656250000000003
0 0.347265625 0.17148437500000002 0.05078125 0.022656250000000003
0 0.6136718750000001 0.3046875 0.04609375 0.0171875
0 0.569921875 0.099609375 0.030468750000000003 0.032031250000000004
0 0.34492187500000004 0.49609375 0.022656250000000003 0.029687500000000002
0 0.6984375 0.56171875 0.026562500000000003 0.13593750000000002
0 0.649609375 0.745703125 0.06171875 0.030468750000000003
