0 0.628125 0.038671875 0.018750000000000003 0.07734375
0 0.6238281250000001 0.15390625000000002 0.013281250000000001 0.1375
0 0.6234375000000001 0.630078125 0.0203125 0.73828125
0 0.521484375 0.8382812500000001 0.02421875 0.29531250000000003
0 0.6828125 0.099609375 0.1203125 0.04609375
0 0.456640625 0.09726562500000001 0.32265625000000003 0.03828125
0 0.6941406250000001 0.9734375000000001 0.07578125000000001 0.0234375
0 0.040625 0.908203125 0.07968750000000001 0.025781250000000002
0 0.017578125 0.478125 0.03359375 0.015625
0 0.576171875 0.233203125 0.013281250000000001 0.05859375
0 0.501171875 0.354296875 0.014843750000000001 0.19765625
0 0.501171875 0.189453125 0.00703125 0.08359375000000001
0 0.5234375 0.14570312500000002 0.0078125 0.05234375
0 0.52109375 0.2171875 0.0078125 0.046875
0 0.5730468750000001 0.27890625 0.01171875 0.029687500000000002
0 0.6058593750000001 0.452734375 0.02109375 0.05234375
0 0.640234375 0.65 0.00859375 0.0421875
