0 0.704296875 0.037890625000000004 0.01015625 0.03828125
0 0.540625 0.40703125 0.018750000000000003 0.0859375
0 0.62890625 0.65390625 0.025 0.64375
0 0.0390625 0.8453125 0.078125 0.03125
0 0.370703125 0.99140625 0.14296875 0.015625
0 0.6316406250000001 0.9871093750000001 0.20390625 0.02421875
0 0.495703125 0.057421875000000004 0.39765625000000004 0.07890625000000001
0 0.7273437500000001 0.0125 0.0390625 0.015625
0 0.041796875000000004 0.1859375 0.08359375000000001 0.053125000000000006
0 0.671875 0.3125 0.0203125 0.096875
