0 0.40664062500000003 0.246484375 0.11328125 0.022656250000000003
0 0.503125 0.53828125 0.0328125 0.47500000000000003
0 0.41015625 0.471484375 0.0234375 0.29453125
0 0.7097656250000001 0.935546875 0.05078125 0.12734375
0 0.6312500000000001 0.099609375 0.0578125 0.19921875
0 0.520703125 0.059765625 0.01640625 0.11953125
0 0.423828125 0.011328125000000001 0.049218750000000006 0.022656250000000003
2 0.04296875 0.64609375 0.08281250000000001 0.018750000000000003
0 0.535546875 0.8125 0.45390625 0.096875
0 0.384765625 0.16640625 0.02421875 0.09531250000000001
0 0.512109375 0.246875 0.025781250000000002 0.1078125
