2 0.47890625000000003 0.42031250000000003 0.3671875 0.034375
0 0.70859375 0.42421875000000003 0.0765625 0.028125
0 0.675390625 0.2921875 0.05234375 0.265625
0 0.667578125 0.7175781250000001 0.01640625 0.5632812500000001
0 0.583203125 0.8 0.017968750000000002 0.3984375
0 0.6203125 0.087890625 0.025 0.17578125
0 0.544140625 0.03515625 0.01171875 0.06875
0 0.6253906250000001 0.35273437500000004 0.014843750000000001 0.11484375000000001
0 0.55234375 0.30585937500000004 0.010937500000000001 0.06484375
0 0.045312500000000006 0.735546875 0.07968750000000001 0.030468750000000003
