0 0.503515625 0.37031250000000004 0.03515625 0.2578125
0 0.517578125 0.66015625 0.02421875 0.2921875
0 0.4234375 0.503125 0.24375000000000002 0.034375
0 0.4890625 0.657421875 0.0578125 0.014843750000000001
0 0.416796875 0.688671875 0.04453125 0.032031250000000004
0 0.401171875 0.9343750000000001 0.11640625 0.021875000000000002
0 0.6703125000000001 0.7375 0.14375000000000002 0.03125
0 0.5046875000000001 0.8226562500000001 0.0328125 0.0390625
0 0.381640625 0.8812500000000001 0.02734375 0.09843750000000001
0 0.6351562500000001 0.36757812500000003 0.043750000000000004 0.7351562500000001
0 0.6277343750000001 0.8304687500000001 0.05390625 0.1625
0 0.666015625 0.316015625 0.055468750000000004 0.013281250000000001
