0 0.46796875000000004 0.470703125 0.037500000000000006 0.30703125000000003
0 0.533203125 0.10039062500000001 0.08828125 0.20078125000000002
0 0.693359375 0.051953125 0.041406250000000006 0.10390625
0 0.7359375 0.291796875 0.1296875 0.17890625000000002
0 0.31289062500000003 0.286328125 0.09453125000000001 0.03828125
0 0.40703125 0.31367187500000004 0.096875 0.03828125
0 0.6882812500000001 0.48867187500000003 0.034375 0.09140625000000001
0 0.5 0.9476562500000001 0.0140625 0.09531250000000001
0 0.63203125 0.8625 0.0421875 0.2734375
0 0.5703125 0.755859375 0.07968750000000001 0.025781250000000002
0 0.021484375 0.35546875 0.04296875 0.015625
