0 0.6640625 0.043750000000000004 0.0140625 0.08750000000000001
0 0.5242187500000001 0.59140625 0.035937500000000004 0.5703125
0 0.5007812500000001 0.93671875 0.03125 0.125
0 0.63671875 0.8390625 0.05 0.3203125
0 0.6570312500000001 0.3765625 0.021875000000000002 0.571875
0 0.6953125 0.6578125 0.17343750000000002 0.043750000000000004
0 0.7250000000000001 0.330859375 0.1328125 0.03515625
0 0.023828125000000002 0.275390625 0.047656250000000004 0.017968750000000002
0 0.48867187500000003 0.013671875 0.01640625 0.02734375
0 0.7074218750000001 0.515625 0.01015625 0.0734375
0 0.703125 0.35546875 0.010937500000000001 0.0421875
