0 0.537109375 0.147265625 0.022656250000000003 0.16328125000000002
0 0.5437500000000001 0.38203125000000004 0.015625 0.115625
0 0.575390625 0.28984375 0.01640625 0.0859375
0 0.6355468750000001 0.187890625 0.01015625 0.09921875000000001
0 0.7214843750000001 0.08867187500000001 0.02421875 0.17734375000000002
0 0.8093750000000001 0.16562500000000002 0.026562500000000003 0.11406250000000001
0 0.7156250000000001 0.5242187500000001 0.029687500000000002 0.5421875
0 0.5574218750000001 0.230859375 0.69921875 0.057031250000000006
0 0.671484375 0.89609375 0.02734375 0.20625000000000002
0 0.546484375 0.8871093750000001 0.02109375 0.22421875000000002
0 0.017578125 0.819921875 0.03359375 0.017968750000000002
0 0.53359375 0.6082031250000001 0.021875000000000002 0.30234375
0 0.421875 0.040625 0.0125 0.08125
0 0.40273437500000003 0.27382812500000003 0.00859375 0.057031250000000006
0 0.749609375 0.636328125 0.04453125 0.017968750000000002
0 0.802734375 0.6097656250000001 0.030468750000000003 0.01640625
