0 0.467578125 0.739453125 0.02890625 0.08828125
0 0.45859375 0.8621093750000001 0.035937500000000004 0.09921875000000001
0 0.34921875 0.819921875 0.16718750000000002 0.032031250000000004
0 0.5375 0.780859375 0.17343750000000002 0.047656250000000004
0 0.69296875 0.724609375 0.15625 0.07421875
0 0.646484375 0.340625 0.03828125 0.5078125
0 0.509375 0.236328125 0.0328125 0.24609375
0 0.494921875 0.055859375 0.017968750000000002 0.11171875
0 0.491015625 0.392578125 0.014843750000000001 0.047656250000000004
0 0.494921875 0.45351562500000003 0.013281250000000001 0.05390625
0 0.44296875 0.5796875 0.0140625 0.0421875
0 0.444140625 0.6488281250000001 0.01015625 0.039843750000000004
0 0.022656250000000003 0.415625 0.043750000000000004 0.010937500000000001
0 0.634375 0.6375000000000001 0.010937500000000001 0.08750000000000001
0 0.5378906250000001 0.6394531250000001 0.02109375 0.07578125000000001
