0 0.43007812500000003 0.1765625 0.02421875 0.353125
0 0.594140625 0.08828125 0.022656250000000003 0.115625
0 0.591796875 0.18984375 0.013281250000000001 0.053125000000000006
0 0.5734375 0.28828125 0.026562500000000003 0.13593750000000002
0 0.70859375 0.29765625 0.03125 0.134375
0 0.7109375 0.07500000000000001 0.026562500000000003 0.15000000000000002
0 0.28945312500000003 0.33515625000000004 0.27421875 0.08281250000000001
0 0.43398437500000003 0.39570312500000004 0.00078125 0.0023437500000000003
0 0.681640625 0.37109375 0.49765625 0.0484375
0 0.708203125 0.7679687500000001 0.02734375 0.27968750000000003
0 0.79453125 0.90546875 0.021875000000000002 0.096875
0 0.52109375 0.8859375 0.0234375 0.1609375
0 0.415625 0.583984375 0.025 0.31640625
0 0.40546875000000004 0.78671875 0.0140625 0.1
0 0.53125 0.97265625 0.7125 0.053125000000000006
0 0.7132812500000001 0.43046875 0.0078125 0.078125
0 0.7195312500000001 0.5574218750000001 0.021875000000000002 0.12890625
0 0.619140625 0.917578125 0.013281250000000001 0.09296875
0 0.017578125 0.396484375 0.03515625 0.01640625
0 0.017578125 0.035546875 0.03515625 0.013281250000000001
