0 0.274609375 0.848828125 0.05234375 0.27578125000000003
0 0.53671875 0.733984375 0.0234375 0.53046875
0 0.13359375 0.8757812500000001 0.03125 0.246875
0 0.6484375 0.37890625 0.1390625 0.7578125
0 0.7875000000000001 0.26328125 0.16875 0.1375
0 0.878125 0.3765625 0.05 0.21250000000000002
0 0.566796875 0.268359375 0.02109375 0.32109375
0 0.23164062500000002 0.04609375 0.014843750000000001 0.0921875
0 0.1546875 0.6953125 0.2859375 0.037500000000000006
0 0.41484375 0.700390625 0.22812500000000002 0.025781250000000002
0 0.9859375 0.063671875 0.015625 0.10390625
0 0.234375 0.50234375 0.059375000000000004 0.22187500000000002
0 0.13007812500000002 0.272265625 0.017968750000000002 0.30546875
0 0.34218750000000003 0.35234375 0.06406250000000001 0.043750000000000004
