0 0.23515625 0.15234375 0.4578125 0.07500000000000001
0 0.21250000000000002 0.7019531250000001 0.4109375 0.057031250000000006
0 0.7234375000000001 0.7125 0.5515625000000001 0.0484375
2 0.279296875 0.778515625 0.22265625 0.02734375
0 0.498828125 0.7855468750000001 0.20546875 0.03671875
0 0.27187500000000003 0.38398437500000004 0.184375 0.03671875
0 0.5203125000000001 0.298828125 0.1078125 0.01640625
0 0.91015625 0.38828125 0.1015625 0.028125
0 0.331640625 0.304296875 0.18203125 0.017968750000000002
0 0.21171875 0.059765625 0.0234375 0.11953125
0 0.47421875 0.063671875 0.028125 0.12578125
0 0.45039062500000004 0.416015625 0.06015625 0.55859375
0 0.41718750000000004 0.7359375 0.046875 0.07968750000000001
0 0.39687500000000003 0.8167968750000001 0.021875000000000002 0.07421875
0 0.22968750000000002 0.88203125 0.17343750000000002 0.018750000000000003
0 0.203515625 0.915625 0.013281250000000001 0.07187500000000001
0 0.705078125 0.484375 0.08671875000000001 0.026562500000000003
0 0.032421875 0.01640625 0.05859375 0.0203125
0 0.151171875 0.0234375 0.05390625 0.021875000000000002
