0 0.41328125000000004 0.166796875 0.07500000000000001 0.33046875000000003
0 0.18281250000000002 0.1203125 0.0578125 0.240625
0 0.1796875 0.4 0.0765625 0.3015625
0 0.20820312500000002 0.6375000000000001 0.02421875 0.1546875
0 0.45156250000000003 0.666015625 0.07500000000000001 0.6664062500000001
0 0.7015625000000001 0.20820312500000002 0.45 0.41640625000000003
0 0.22773437500000002 0.7445312500000001 0.45078125 0.0734375
0 0.272265625 0.97265625 0.18828125 0.035937500000000004
0 0.315234375 0.895703125 0.12734375 0.025781250000000002
0 0.6648437500000001 0.48203125 0.043750000000000004 0.096875
0 0.144140625 0.6195312500000001 0.06796875000000001 0.0203125
