0 0.207421875 0.8226562500000001 0.10390625 0.0390625
0 0.06484375 0.429296875 0.12187500000000001 0.049218750000000006
0 0.521484375 0.46132812500000003 0.77265625 0.10078125
2 0.36953125000000003 0.230859375 0.209375 0.08046875
0 0.49296875 0.130859375 0.040625 0.26171875
0 0.271484375 0.09335937500000001 0.02890625 0.18671875000000002
0 0.123046875 0.05234375 0.013281250000000001 0.1046875
0 0.14570312500000002 0.16132812500000002 0.022656250000000003 0.18984375
0 0.13593750000000002 0.33632812500000003 0.018750000000000003 0.15078125
0 0.137109375 0.630859375 0.03359375 0.40546875000000004
0 0.14570312500000002 0.923046875 0.02421875 0.15234375
0 0.06484375 0.6628906250000001 0.1296875 0.02890625
0 0.704296875 0.8929687500000001 0.18046875 0.078125
2 0.5554687500000001 0.7132812500000001 0.7171875000000001 0.08281250000000001
0 0.763671875 0.9515625000000001 0.022656250000000003 0.09531250000000001
0 0.823828125 0.339453125 0.022656250000000003 0.05078125
0 0.8171875000000001 0.29335937500000003 0.040625 0.03515625
0 0.10507812500000001 0.15781250000000002 0.013281250000000001 0.1015625
0 0.880078125 0.0734375 0.022656250000000003 0.1421875
0 0.2921875 0.3125 0.015625 0.1
0 0.24453125 0.30546875 0.037500000000000006 0.2234375
