0 0.41015625 0.562890625 0.0390625 0.87265625
0 0.534375 0.8230468750000001 0.03125 0.35234375
0 0.52734375 0.584375 0.021875000000000002 0.12187500000000001
0 0.555859375 0.256640625 0.030468750000000003 0.51328125
0 0.6234375000000001 0.525390625 0.065625 0.06484375
0 0.12734375 0.35703125 0.015625 0.0734375
0 0.15078125 0.1625 0.028125 0.325
0 0.27578125000000003 0.1421875 0.026562500000000003 0.284375
0 0.28164062500000003 0.38398437500000004 0.03359375 0.22734375
0 0.673828125 0.7644531250000001 0.014843750000000001 0.16640625
0 0.79296875 0.93359375 0.05 0.12812500000000002
0 0.7972656250000001 0.362890625 0.01015625 0.07109375
0 0.6253906250000001 0.12460937500000001 0.017968750000000002 0.09921875000000001
0 0.665234375 0.1484375 0.06484375 0.0171875
0 0.6484375 0.90625 0.0578125 0.021875000000000002
