0 0.432421875 0.26015625000000003 0.42109375000000004 0.10625000000000001
0 0.109765625 0.321875 0.21953125 0.026562500000000003
0 0.503515625 0.43515625 0.5476562500000001 0.0890625
0 0.06328125 0.7992187500000001 0.1265625 0.03125
0 0.27421875 0.8617187500000001 0.2765625 0.109375
0 0.9382812500000001 0.565625 0.12187500000000001 0.0421875
0 0.186328125 0.15156250000000002 0.07265625 0.30312500000000003
0 0.182421875 0.56171875 0.10703125000000001 0.4859375
0 0.14179687500000002 0.9089843750000001 0.07265625 0.18046875
0 0.43046875 0.956640625 0.035937500000000004 0.08515625
0 0.38984375000000004 0.69296875 0.07968750000000001 0.42812500000000003
0 0.66171875 0.7875000000000001 0.42500000000000004 0.40468750000000003
0 0.8546875 0.504296875 0.053125000000000006 0.16171875000000002
0 0.85859375 0.39140625 0.043750000000000004 0.06875
0 0.8050781250000001 0.358203125 0.030468750000000003 0.07109375
0 0.7640625000000001 0.23398437500000002 0.0671875 0.17265625
0 0.012890625000000001 0.583203125 0.025781250000000002 0.38828125
0 0.69296875 0.22187500000000002 0.0890625 0.0328125
