0 0.43398437500000003 0.18320312500000002 0.41171875 0.11953125
0 0.727734375 0.21015625000000002 0.17109375000000002 0.18125000000000002
0 0.728515625 0.07578125000000001 0.02109375 0.15156250000000002
0 0.855078125 0.2984375 0.04296875 0.0625
0 0.853125 0.40937500000000004 0.05 0.15781250000000002
0 0.19375 0.12070312500000001 0.0703125 0.24140625000000002
0 0.194140625 0.48554687500000004 0.10234375000000001 0.47578125000000004
0 0.16171875000000002 0.86484375 0.08750000000000001 0.26875
0 0.071484375 0.721875 0.13828125 0.029687500000000002
0 0.2890625 0.7734375 0.2671875 0.096875
0 0.665625 0.6960937500000001 0.40625 0.40625
0 0.44257812500000004 0.909375 0.047656250000000004 0.1796875
0 0.384765625 0.579296875 0.09140625000000001 0.46484375
0 0.50703125 0.353125 0.5390625 0.08281250000000001
0 0.938671875 0.46953125 0.11796875000000001 0.0484375
0 0.110546875 0.248828125 0.22109375 0.03359375
0 0.64453125 0.955078125 0.0484375 0.08828125
