0 0.08085937500000001 0.835546875 0.017968750000000002 0.28984375
0 0.1015625 0.96015625 0.0234375 0.078125
0 0.2484375 0.826171875 0.051562500000000004 0.34609375000000003
0 0.46914062500000003 0.8601562500000001 0.03515625 0.278125
0 0.21015625000000002 0.7046875 0.0390625 0.0484375
2 0.37343750000000003 0.68125 0.2078125 0.084375
0 0.552734375 0.307421875 0.23359375000000002 0.04609375
0 0.47734375 0.098828125 0.50625 0.06171875
0 0.8308593750000001 0.101953125 0.13203125000000002 0.03359375
0 0.81640625 0.035937500000000004 0.0421875 0.018750000000000003
0 0.7296875 0.59140625 0.134375 0.034375
0 0.8515625 0.905859375 0.0234375 0.18671875000000002
0 0.019140625 0.22578125000000002 0.030468750000000003 0.010937500000000001
