0 0.483203125 0.41445312500000003 0.45859375 0.041406250000000006
0 0.60703125 0.19453125000000002 0.0234375 0.38906250000000003
0 0.6058593750000001 0.7113281250000001 0.017968750000000002 0.57578125
0 0.43125 0.7171875000000001 0.037500000000000006 0.5640625
0 0.44453125000000004 0.21171875 0.010937500000000001 0.0921875
0 0.35234375 0.12734375 0.010937500000000001 0.07500000000000001
3 0.6726562500000001 0.716015625 0.0703125 0.56484375
3 0.6859375000000001 0.07578125000000001 0.040625 0.15156250000000002
3 0.6859375000000001 0.25 0.043750000000000004 0.09843750000000001
0 0.63828125 0.34687500000000004 0.009375000000000001 0.1125
0 0.634765625 0.575390625 0.01171875 0.30546875
0 0.638671875 0.241015625 0.00859375 0.07421875
0 0.63828125 0.07265625 0.009375000000000001 0.1453125
