0 0.36445312500000004 0.08984375 0.12578125 0.046875
0 0.50390625 0.24296875 0.3875 0.06406250000000001
0 0.5066406250000001 0.83359375 0.41171875 0.0546875
0 0.951171875 0.8265625000000001 0.09140625000000001 0.028125
0 0.24335937500000002 0.8597656250000001 0.06953125 0.02109375
0 0.2421875 0.21953125 0.078125 0.0234375
0 0.38906250000000003 0.484375 0.03125 0.4765625
0 0.45859375 0.55859375 0.046875 0.5328125
0 0.9847656250000001 0.400390625 0.02890625 0.80078125
0 0.9890625000000001 0.9261718750000001 0.0203125 0.14609375
