0 0.858984375 0.27968750000000003 0.28046875 0.07968750000000001
0 0.6472656250000001 0.22226562500000002 0.03828125 0.11015625000000001
0 0.5953125 0.1421875 0.0140625 0.284375
0 0.6003906250000001 0.34101562500000004 0.06015625 0.03828125
0 0.47304687500000003 0.33242187500000003 0.025781250000000002 0.01640625
0 0.41445312500000003 0.7621093750000001 0.50703125 0.06484375
0 0.15195312500000002 0.88203125 0.02890625 0.234375
0 0.366015625 0.955078125 0.01953125 0.08828125
0 0.390625 0.8347656250000001 0.0125 0.10859375
0 0.669140625 0.7875000000000001 0.01640625 0.20625000000000002
0 0.6742187500000001 0.956640625 0.015625 0.08515625
0 0.626953125 0.95859375 0.014843750000000001 0.08125
0 0.960546875 0.06484375 0.01953125 0.1296875
0 0.11210937500000001 0.6863281250000001 0.21796875000000002 0.10859375
0 0.556640625 0.796875 0.02734375 0.046875
0 0.6257812500000001 0.866796875 0.065625 0.06015625
0 0.769140625 0.9300781250000001 0.18046875 0.04609375
0 0.11953125 0.315234375 0.1078125 0.63046875
