0 0.240625 0.50234375 0.018750000000000003 0.99375
0 0.21640625000000002 0.517578125 0.028125 0.08984375
0 0.14960937500000002 0.36250000000000004 0.04453125 0.0734375
0 0.28164062500000003 0.578515625 0.02734375 0.66328125
0 0.36328125 0.49375 0.046875 0.9890625000000001
0 0.7046875 0.5 0.021875000000000002 0.9984375000000001
0 0.9164062500000001 0.339453125 0.065625 0.40390625
0 0.978125 0.8148437500000001 0.0421875 0.36875
0 0.75390625 0.5066406250000001 0.0140625 0.09453125000000001
0 0.6214843750000001 0.978125 0.01015625 0.040625
