0 0.8226562500000001 0.0859375 0.0171875 0.1390625
0 0.9203125000000001 0.06171875 0.0203125 0.1234375
0 0.440234375 0.1875 0.08046875 0.375
0 0.6199218750000001 0.56953125 0.04609375 0.21250000000000002
0 0.7585937500000001 0.500390625 0.028125 0.99765625
0 0.946875 0.8671875 0.026562500000000003 0.26406250000000003
0 0.37226562500000004 0.900390625 0.014843750000000001 0.06953125
0 0.39375000000000004 0.7058593750000001 0.0546875 0.24140625000000002
0 0.37031250000000004 0.48515625 0.009375000000000001 0.065625
0 0.48203125 0.39101562500000003 0.234375 0.06796875000000001
0 0.623046875 0.26953125 0.25234375000000003 0.0625
0 0.9164062500000001 0.27890625 0.16562500000000002 0.0765625
0 0.701171875 0.6015625 0.11640625 0.0234375
2 0.817578125 0.6109375 0.09921875000000001 0.0203125
0 0.907421875 0.7234375000000001 0.17734375000000002 0.026562500000000003
0 0.70703125 0.748046875 0.05 0.013281250000000001
0 0.733984375 0.876953125 0.057031250000000006 0.02734375
2 0.8046875 0.8679687500000001 0.06875 0.021875000000000002
0 0.724609375 0.796484375 0.04296875 0.02734375
0 0.80859375 0.7605468750000001 0.053125000000000006 0.02109375
