0 0.30781250000000004 0.49921875000000004 0.034375 0.9984375000000001
0 0.42421875000000003 0.28828125 0.028125 0.47968750000000004
0 0.6156250000000001 0.339453125 0.078125 0.13359375
0 0.661328125 0.339453125 0.013281250000000001 0.13359375
0 0.64453125 0.5750000000000001 0.015625 0.078125
0 0.8296875 0.466796875 0.035937500000000004 0.32265625000000003
0 0.8597656250000001 0.6781250000000001 0.01640625 0.07968750000000001
0 0.9070312500000001 0.559765625 0.018750000000000003 0.11953125
0 0.93515625 0.230859375 0.028125 0.20859375000000002
0 0.22226562500000002 0.296875 0.013281250000000001 0.059375000000000004
0 0.2171875 0.11171875 0.025 0.2234375
0 0.19492187500000002 0.498828125 0.02421875 0.99765625
0 0.098046875 0.602734375 0.18984375 0.017968750000000002
0 0.45351562500000003 0.52890625 0.50234375 0.0484375
0 0.58515625 0.5886718750000001 0.10625000000000001 0.07578125000000001
0 0.821875 0.63671875 0.35468750000000004 0.0328125
0 0.6566406250000001 0.775 0.014843750000000001 0.44843750000000004
