0 0.487109375 0.3125 0.45703125 0.05
0 0.853125 0.32421875 0.28125 0.08281250000000001
0 0.392578125 0.5015625 0.16953125000000002 0.0421875
0 0.4390625 0.8765625 0.028125 0.1609375
0 0.5222656250000001 0.6707031250000001 0.041406250000000006 0.08671875000000001
0 0.5906250000000001 0.6003906250000001 0.0140625 0.05234375
0 0.6394531250000001 0.6648437500000001 0.02421875 0.11406250000000001
0 0.7136718750000001 0.6683593750000001 0.017968750000000002 0.66171875
0 0.9011718750000001 0.8203125 0.05078125 0.31875000000000003
0 0.9554687500000001 0.47500000000000003 0.026562500000000003 0.2546875
0 0.986328125 0.199609375 0.025781250000000002 0.09609375
0 0.9796875 0.04609375 0.035937500000000004 0.0921875
0 0.7125 0.1390625 0.028125 0.278125
0 0.373828125 0.144140625 0.02421875 0.28828125
0 0.28945312500000003 0.094140625 0.01953125 0.18828125
0 0.44296875 0.405078125 0.0203125 0.15546875000000002
0 0.640234375 0.25 0.01953125 0.0703125
0 0.7976562500000001 0.440234375 0.029687500000000002 0.06171875
0 0.966796875 0.72421875 0.06484375 0.035937500000000004
0 0.25234375000000003 0.5015625 0.0234375 0.9953125
