0 0.61640625 0.248828125 0.021875000000000002 0.32421875
0 0.6683593750000001 0.24375000000000002 0.013281250000000001 0.1390625
0 0.8050781250000001 0.180078125 0.11796875000000001 0.36015625
0 0.5453125 0.654296875 0.4921875 0.06953125
0 0.40703125 0.8191406250000001 0.018750000000000003 0.24921875000000002
0 0.40546875000000004 0.986328125 0.0078125 0.025781250000000002
0 0.532421875 0.9207031250000001 0.00859375 0.07734375
0 0.404296875 0.232421875 0.02421875 0.46484375
0 0.9875 0.47304687500000003 0.0234375 0.013281250000000001
0 0.400390625 0.5437500000000001 0.01953125 0.09375
