0 0.3171875 0.5375 0.034375 0.25
0 0.54921875 0.8671875 0.021875000000000002 0.26406250000000003
0 0.388671875 0.913671875 0.032031250000000004 0.17109375000000002
0 0.955078125 0.9304687500000001 0.02421875 0.1375
0 0.940625 0.6433593750000001 0.11406250000000001 0.41328125000000004
0 0.976171875 0.127734375 0.039843750000000004 0.25546875
0 0.246484375 0.66953125 0.08046875 0.021875000000000002
0 0.49375 0.712109375 0.4 0.08984375
0 0.938671875 0.8582031250000001 0.12109375 0.013281250000000001
0 0.30859375 0.0765625 0.010937500000000001 0.153125
0 0.279296875 0.455078125 0.01953125 0.08984375
0 0.26992187500000003 0.9164062500000001 0.01953125 0.1078125
