0 0.5105468750000001 0.57265625 0.45234375000000004 0.1265625
0 0.8714843750000001 0.54140625 0.25546875 0.14375000000000002
0 0.5593750000000001 0.20664062500000002 0.1484375 0.04296875
0 0.36796875 0.040625 0.025 0.08125
0 0.423828125 0.27265625 0.07265625 0.540625
0 0.46914062500000003 0.816015625 0.05859375 0.36484375
0 0.38203125000000004 0.692578125 0.0171875 0.19140625
0 0.41640625000000003 0.6722656250000001 0.0390625 0.16015625
0 0.6238281250000001 0.83125 0.03828125 0.33125000000000004
0 0.805859375 0.6980468750000001 0.02890625 0.19296875000000002
0 0.9261718750000001 0.8640625000000001 0.017968750000000002 0.2703125
0 0.7605468750000001 0.708984375 0.01953125 0.21328125
0 0.7562500000000001 0.972265625 0.009375000000000001 0.05390625
0 0.28125 0.5984375000000001 0.0140625 0.1375
0 0.28828125 0.261328125 0.0171875 0.52265625
0 0.262890625 0.52578125 0.032031250000000004 0.0125
0 0.9695312500000001 0.35078125000000004 0.059375000000000004 0.3125
0 0.96484375 0.080078125 0.06875 0.07890625000000001
0 0.9187500000000001 0.291015625 0.0234375 0.32578125
0 0.496875 0.45156250000000003 0.026562500000000003 0.1953125
0 0.48671875000000003 0.20859375000000002 0.025 0.265625
