0 0.9515625000000001 0.22773437500000002 0.03125 0.45546875000000003
0 0.7703125000000001 0.11093750000000001 0.11875000000000001 0.2171875
0 0.771484375 0.6218750000000001 0.06484375 0.5515625000000001
0 0.605078125 0.7671875 0.01953125 0.3359375
0 0.6550781250000001 0.7640625000000001 0.01640625 0.140625
0 0.39609375 0.058984375000000006 0.059375000000000004 0.11796875000000001
0 0.376953125 0.171875 0.013281250000000001 0.0921875
0 0.384765625 0.5234375 0.02109375 0.1859375
0 0.384765625 0.7835937500000001 0.017968750000000002 0.33125000000000004
0 0.7058593750000001 0.464453125 0.013281250000000001 0.08671875000000001
0 0.69921875 0.018750000000000003 0.0328125 0.0171875
0 0.831640625 0.740234375 0.049218750000000006 0.017968750000000002
