0 0.50234375 0.34492187500000004 0.028125 0.19140625
0 0.570703125 0.1875 0.02109375 0.084375
0 0.37421875000000004 0.13515625 0.021875000000000002 0.0578125
0 0.57734375 0.6683593750000001 0.0171875 0.12265625000000001
0 0.9890625000000001 0.5457031250000001 0.0171875 0.07578125000000001
0 0.29609375 0.27382812500000003 0.07968750000000001 0.02421875
0 0.448046875 0.242578125 0.19609375 0.08671875000000001
0 0.6292968750000001 0.241015625 0.19609375 0.03671875
0 0.9652343750000001 0.34296875000000004 0.06796875000000001 0.034375
0 0.926953125 0.517578125 0.05390625 0.01640625
0 0.523828125 0.6058593750000001 0.06640625 0.01953125
0 0.437109375 0.7140625 0.049218750000000006 0.0203125
0 0.6765625000000001 0.66015625 0.05625 0.0125
0 0.620703125 0.819921875 0.01640625 0.15390625000000002
0 0.578515625 0.30585937500000004 0.02109375 0.10234375000000001
0 0.583984375 0.073046875 0.01953125 0.12421875
