0 0.37929687500000003 0.138671875 0.02109375 0.23359375000000002
0 0.62265625 0.031640625 0.0140625 0.06328125
0 0.623046875 0.22734375 0.014843750000000001 0.0890625
0 0.611328125 0.7214843750000001 0.057031250000000006 0.47421875
0 0.435546875 0.7828125 0.022656250000000003 0.19843750000000002
0 0.526953125 0.56015625 0.049218750000000006 0.2015625
0 0.41328125000000004 0.48046875 0.034375 0.1703125
0 0.37031250000000004 0.412890625 0.0203125 0.12578125
0 0.5484375 0.376953125 0.2921875 0.19296875000000002
0 0.30312500000000003 0.42031250000000003 0.1171875 0.0328125
1 0.27578125000000003 0.164453125 0.018750000000000003 0.02421875
