0 0.9617187500000001 0.81015625 0.07500000000000001 0.037500000000000006
0 0.389453125 0.784765625 0.07890625000000001 0.42890625000000004
0 0.5886718750000001 0.316015625 0.039843750000000004 0.45390625
0 0.55078125 0.74921875 0.0625 0.375
0 0.640625 0.6082031250000001 0.0421875 0.13046875
0 0.6062500000000001 0.8753906250000001 0.021875000000000002 0.24765625000000002
0 0.666015625 0.25820312500000003 0.03515625 0.5164062500000001
0 0.455078125 0.258984375 0.041406250000000006 0.51796875
0 0.31328125 0.50234375 0.0703125 0.0203125
0 0.39492187500000003 0.513671875 0.07890625000000001 0.030468750000000003
0 0.597265625 0.5421875 0.32109375 0.046875
