3 0.42109375000000004 0.203515625 0.0546875 0.40703125
3 0.415625 0.69453125 0.051562500000000004 0.18125000000000002
0 0.7250000000000001 0.7796875000000001 0.03125 0.38593750000000004
0 0.6917968750000001 0.28945312500000003 0.08515625 0.5789062500000001
0 0.566015625 0.1796875 0.041406250000000006 0.359375
0 0.5515625000000001 0.462890625 0.034375 0.18203125
0 0.541015625 0.720703125 0.017968750000000002 0.25859375
0 0.45156250000000003 0.74921875 0.0390625 0.328125
0 0.448046875 0.9617187500000001 0.013281250000000001 0.07500000000000001
0 0.63984375 0.753125 0.06406250000000001 0.3453125
0 0.370703125 0.26484375 0.01953125 0.5296875
0 0.369140625 0.775390625 0.014843750000000001 0.44765625000000003
0 0.32929687500000004 0.9128906250000001 0.07265625 0.017968750000000002
0 0.34804687500000003 0.544140625 0.05234375 0.017968750000000002
0 0.5789062500000001 0.56796875 0.3796875 0.051562500000000004
0 0.6199218750000001 0.095703125 0.049218750000000006 0.10703125000000001
0 0.6277343750000001 0.18085937500000002 0.039843750000000004 0.022656250000000003
0 0.53671875 0.8949218750000001 0.010937500000000001 0.047656250000000004
0 0.5261718750000001 0.9324218750000001 0.29765625 0.047656250000000004
