0 0.416015625 0.32890625 0.013281250000000001 0.0734375
0 0.42031250000000003 0.41171875 0.015625 0.060937500000000006
0 0.424609375 0.5183593750000001 0.01953125 0.11953125
0 0.519140625 0.37539062500000003 0.01953125 0.40234375
0 0.504296875 0.176171875 0.05078125 0.017968750000000002
0 0.6820312500000001 0.444921875 0.035937500000000004 0.30546875
0 0.7203125 0.8796875000000001 0.03125 0.22812500000000002
0 0.48085937500000003 0.0078125 0.08046875 0.015625
0 0.544921875 0.288671875 0.47578125000000004 0.05234375
3 0.42890625000000004 0.730078125 0.05625 0.27109375
0 0.448828125 0.437109375 0.02421875 0.26796875000000003
0 0.433203125 0.942578125 0.02734375 0.10390625
