0 0.634375 0.203125 0.059375000000000004 0.3359375
0 0.447265625 0.21328125 0.03515625 0.31875000000000003
0 0.537109375 0.17539062500000002 0.01953125 0.25703125
0 0.542578125 0.0234375 0.44921875 0.046875
0 0.4765625 0.3796875 0.37812500000000004 0.0484375
0 0.44765625000000003 0.45742187500000003 0.018750000000000003 0.15859375
0 0.467578125 0.697265625 0.07265625 0.37890625
0 0.40078125000000003 0.944921875 0.0203125 0.10859375
0 0.68125 0.665234375 0.078125 0.42578125
0 0.58515625 0.985546875 0.1203125 0.02734375
0 0.49296875 0.940625 0.0140625 0.1171875
0 0.66015625 0.9378906250000001 0.015625 0.12265625000000001
3 0.40156250000000004 0.547265625 0.0328125 0.28828125
0 0.619140625 0.498046875 0.01953125 0.20390625
0 0.6371093750000001 0.642578125 0.01015625 0.07578125000000001
0 0.5730468750000001 0.468359375 0.041406250000000006 0.014843750000000001
0 0.579296875 0.5171875 0.02890625 0.0125
0 0.38320312500000003 0.8875000000000001 0.07890625000000001 0.018750000000000003
3 0.40625 0.14570312500000002 0.0390625 0.18828125
0 0.31289062500000003 0.46718750000000003 0.03828125 0.0125
0 0.7203125 0.233203125 0.034375 0.38359375
