0 0.555078125 0.460546875 0.07109375 0.92109375
0 0.7113281250000001 0.5625 0.047656250000000004 0.8734375000000001
0 0.65234375 0.451953125 0.0625 0.022656250000000003
3 0.42617187500000003 0.7503906250000001 0.055468750000000004 0.42265625
0 0.41640625000000003 0.42031250000000003 0.021875000000000002 0.22968750000000002
0 0.439453125 0.27421875 0.01171875 0.05
3 0.423828125 0.11289062500000001 0.05234375 0.22578125000000002
0 0.5609375 0.96875 0.0140625 0.060937500000000006
0 0.622265625 0.66015625 0.04453125 0.1046875
0 0.51015625 0.34882812500000004 0.0484375 0.01953125
