0 0.513671875 0.271484375 0.40078125000000003 0.05390625
0 0.744140625 0.302734375 0.047656250000000004 0.025781250000000002
0 0.727734375 0.1421875 0.02890625 0.284375
0 0.710546875 0.614453125 0.030468750000000003 0.61328125
0 0.4390625 0.9460937500000001 0.060937500000000006 0.015625
0 0.6214843750000001 0.9808593750000001 0.27109375 0.03671875
0 0.984375 0.448046875 0.029687500000000002 0.017968750000000002
0 0.298828125 0.61875 0.032031250000000004 0.7265625
0 0.308203125 0.15937500000000002 0.017968750000000002 0.184375
0 0.417578125 0.40859375000000003 0.01953125 0.1328125
0 0.38984375000000004 0.31328125 0.0140625 0.043750000000000004
0 0.993359375 0.9750000000000001 0.01171875 0.0484375
