0 0.536328125 0.929296875 0.44765625000000003 0.07109375
0 0.611328125 0.4 0.06484375 0.029687500000000002
0 0.719921875 0.366015625 0.05390625 0.73203125
0 0.63671875 0.330859375 0.05 0.12109375
0 0.413671875 0.13984375000000002 0.039843750000000004 0.0234375
0 0.47500000000000003 0.140625 0.046875 0.0171875
0 0.52109375 0.769140625 0.0328125 0.27734375
0 0.555859375 0.7820312500000001 0.032031250000000004 0.234375
0 0.7019531250000001 0.7914062500000001 0.02734375 0.115625
0 0.525 0.23398437500000002 0.046875 0.32265625000000003
0 0.5 0.509765625 0.015625 0.22578125000000002
0 0.7035156250000001 0.978515625 0.014843750000000001 0.041406250000000006
0 0.48750000000000004 0.29531250000000003 0.0328125 0.07968750000000001
0 0.472265625 0.037109375 0.03515625 0.07421875
