0 0.5984375000000001 0.24960937500000002 0.0546875 0.01640625
0 0.6488281250000001 0.2109375 0.13515625 0.029687500000000002
0 0.675390625 0.434375 0.22578125000000002 0.025
0 0.5007812500000001 0.339453125 0.38125000000000003 0.16171875000000002
0 0.5796875 0.08828125 0.0734375 0.05
0 0.61875 0.784765625 0.1390625 0.02734375
0 0.6023437500000001 0.9617187500000001 0.0140625 0.07500000000000001
0 0.6937500000000001 0.71796875 0.0328125 0.5484375
0 0.720703125 0.209375 0.032031250000000004 0.41875
0 0.38320312500000003 0.132421875 0.014843750000000001 0.25078125
0 0.37929687500000003 0.533203125 0.01015625 0.22578125000000002
0 0.374609375 0.823828125 0.01015625 0.32265625000000003
