0 0.6878906250000001 0.49296875 0.030468750000000003 0.503125
0 0.645703125 0.974609375 0.014843750000000001 0.049218750000000006
0 0.66796875 0.9296875 0.015625 0.10312500000000001
0 0.62109375 0.8464843750000001 0.009375000000000001 0.06484375
0 0.6820312500000001 0.7890625 0.009375000000000001 0.08125
0 0.6996093750000001 0.790625 0.0054687500000000005 0.037500000000000006
0 0.47304687500000003 0.5828125000000001 0.07421875 0.5625
0 0.562890625 0.892578125 0.15703125 0.047656250000000004
0 0.55234375 0.236328125 0.4921875 0.11484375000000001
0 0.3796875 0.087890625 0.0140625 0.17578125
0 0.37421875000000004 0.6218750000000001 0.021875000000000002 0.6421875
0 0.5027343750000001 0.955078125 0.014843750000000001 0.07421875
0 0.44960937500000003 0.947265625 0.01171875 0.06796875000000001
0 0.625 0.675390625 0.046875 0.24453125
