0 0.6890625 0.523046875 0.0703125 0.73203125
0 0.519140625 0.48281250000000003 0.02421875 0.22968750000000002
0 0.51328125 0.9085937500000001 0.021875000000000002 0.18125000000000002
0 0.6414062500000001 0.9261718750000001 0.0703125 0.07890625000000001
0 0.67109375 0.9714843750000001 0.0140625 0.055468750000000004
0 0.9417968750000001 0.8875000000000001 0.05078125 0.2234375
0 0.34375 0.1375 0.06406250000000001 0.0234375
0 0.58828125 0.13398437500000002 0.38906250000000003 0.06484375
0 0.533203125 0.04609375 0.032031250000000004 0.0921875
0 0.56640625 0.046875 0.029687500000000002 0.09375
0 0.703125 0.043750000000000004 0.010937500000000001 0.0390625
