0 0.42617187500000003 0.4578125 0.09140625000000001 0.0390625
0 0.65 0.898046875 0.12812500000000002 0.02890625
0 0.6015625 0.9382812500000001 0.051562500000000004 0.0171875
0 0.429296875 0.97421875 0.23515625 0.05
0 0.4921875 0.091796875 0.0390625 0.18359375
0 0.662109375 0.10859375 0.039843750000000004 0.2171875
0 0.39921875 0.17343750000000002 0.16562500000000002 0.0421875
0 0.58046875 0.23164062500000002 0.2 0.08203125
0 0.73203125 0.687109375 0.0578125 0.62421875
0 0.6796875 0.526953125 0.053125000000000006 0.15390625000000002
0 0.49062500000000003 0.498828125 0.0671875 0.11484375000000001
0 0.579296875 0.78671875 0.07265625 0.05
0 0.669140625 0.630859375 0.01015625 0.06484375
0 0.4453125 0.8246093750000001 0.045312500000000006 0.030468750000000003
0 0.495703125 0.74765625 0.01953125 0.1046875
0 0.385546875 0.098046875 0.01640625 0.11171875
0 0.38515625000000003 0.27421875 0.0171875 0.171875
0 0.38320312500000003 0.531640625 0.014843750000000001 0.31953125000000004
0 0.38515625000000003 0.8269531250000001 0.010937500000000001 0.24921875000000002
0 0.77734375 0.24140625000000002 0.0328125 0.0171875
