0 0.5222656250000001 0.051953125 0.01953125 0.10390625
0 0.49375 0.09296875 0.045312500000000006 0.0234375
0 0.44843750000000004 0.475390625 0.1703125 0.09140625000000001
0 0.7671875 0.3921875 0.0484375 0.0203125
0 0.6683593750000001 0.5734375 0.19140625 0.0546875
0 0.56953125 0.943359375 0.496875 0.047656250000000004
0 0.505078125 0.978125 0.014843750000000001 0.0421875
0 0.6175781250000001 0.7601562500000001 0.02890625 0.3203125
0 0.515234375 0.7578125 0.030468750000000003 0.26406250000000003
0 0.563671875 0.534765625 0.01953125 0.18515625000000002
0 0.6156250000000001 0.4421875 0.09375 0.025
0 0.623046875 0.33359375 0.13828125 0.1796875
0 0.7078125000000001 0.36484375 0.015625 0.084375
0 0.57265625 0.181640625 0.015625 0.08203125
0 0.43125 0.601171875 0.0125 0.06484375
0 0.44960937500000003 0.380859375 0.00859375 0.05859375
0 0.6566406250000001 0.21015625000000002 0.08515625 0.010937500000000001
0 0.6996093750000001 0.2171875 0.01015625 0.0546875
0 0.65390625 0.9832031250000001 0.015625 0.032031250000000004
