0 0.520703125 0.113671875 0.025781250000000002 0.22734375
0 0.539453125 0.34101562500000004 0.02421875 0.19296875000000002
0 0.72578125 0.28359375000000003 0.018750000000000003 0.10312500000000001
0 0.509765625 0.7582031250000001 0.07109375 0.18828125
0 0.6863281250000001 0.80859375 0.017968750000000002 0.246875
0 0.571484375 0.9242187500000001 0.014843750000000001 0.084375
0 0.70234375 0.9656250000000001 0.0125 0.0671875
0 0.6859375000000001 0.15156250000000002 0.0140625 0.053125000000000006
0 0.708984375 0.5320312500000001 0.06328125 0.0234375
0 0.503515625 0.232421875 0.29921875000000003 0.05859375
0 0.7265625 0.22968750000000002 0.146875 0.05625
0 0.46171875 0.6125 0.09375 0.0171875
