0 0.5515625000000001 0.7375 0.46718750000000003 0.084375
0 0.736328125 0.16015625 0.08046875 0.018750000000000003
0 0.48359375000000004 0.566015625 0.059375000000000004 0.18984375
0 0.5144531250000001 0.275390625 0.03828125 0.34921875
0 0.483984375 0.020703125000000003 0.01640625 0.041406250000000006
0 0.487890625 0.072265625 0.01171875 0.06328125
0 0.57265625 0.18476562500000002 0.0546875 0.05390625
0 0.630859375 0.13984375000000002 0.057031250000000006 0.19375
0 0.6785156250000001 0.416015625 0.06015625 0.5945312500000001
0 0.65234375 0.858984375 0.0234375 0.19765625
0 0.701171875 0.8914062500000001 0.017968750000000002 0.215625
0 0.49257812500000003 0.923046875 0.02734375 0.15234375
0 0.5046875000000001 0.798828125 0.025 0.12265625000000001
