0 0.515234375 0.086328125 0.01953125 0.17265625
0 0.6136718750000001 0.101953125 0.02421875 0.20390625
0 0.6453125000000001 0.32265625000000003 0.026562500000000003 0.1453125
0 0.6734375 0.5 0.0203125 0.4265625
0 0.49609375 0.48515625 0.037500000000000006 0.503125
0 0.696875 0.9285156250000001 0.0234375 0.14140625
0 0.515625 0.899609375 0.040625 0.19921875
0 0.55703125 0.22578125000000002 0.484375 0.045312500000000006
0 0.437109375 0.6171875 0.08046875 0.03125
0 0.721875 0.84921875 0.1078125 0.040625
0 0.62890625 0.8421875000000001 0.05625 0.2015625
0 0.421484375 0.6828125 0.04296875 0.0203125
0 0.439453125 0.9476562500000001 0.07734375 0.0171875
0 0.48671875000000003 0.7722656250000001 0.010937500000000001 0.06484375
