0 0.550390625 0.51171875 0.03359375 0.12812500000000002
0 0.44375000000000003 0.794921875 0.08281250000000001 0.23046875
0 0.483984375 0.9515625000000001 0.06796875000000001 0.09531250000000001
0 0.53359375 0.981640625 0.0125 0.03515625
0 0.6984375 0.796484375 0.0203125 0.40546875000000004
0 0.7046875 0.2921875 0.029687500000000002 0.584375
0 0.5105468750000001 0.130859375 0.030468750000000003 0.20078125000000002
0 0.534375 0.286328125 0.0171875 0.12421875
0 0.444921875 0.11289062500000001 0.10078125 0.04296875
0 0.6796875 0.58984375 0.225 0.0328125
0 0.48476562500000003 0.6160156250000001 0.16640625 0.09296875
0 0.35664062500000004 0.6433593750000001 0.041406250000000006 0.022656250000000003
0 0.386328125 0.412109375 0.013281250000000001 0.31171875000000004
0 0.386328125 0.735546875 0.01640625 0.31796875
0 0.38320312500000003 0.9515625000000001 0.014843750000000001 0.09531250000000001
0 0.435546875 0.43007812500000003 0.041406250000000006 0.02421875
