0 0.6781250000000001 0.4546875 0.07187500000000001 0.8203125
0 0.71875 0.01953125 0.0140625 0.0390625
0 0.44843750000000004 0.248828125 0.084375 0.22421875000000002
0 0.494921875 0.5953125 0.06484375 0.4625
0 0.543359375 0.49531250000000004 0.01953125 0.1546875
0 0.72265625 0.9375 0.018750000000000003 0.1234375
0 0.3921875 0.809765625 0.13593750000000002 0.03515625
0 0.460546875 0.078515625 0.22421875000000002 0.08828125
0 0.688671875 0.041406250000000006 0.22109375 0.029687500000000002
0 0.630078125 0.87109375 0.33203125 0.07968750000000001
0 0.56875 0.016015625000000002 0.0140625 0.032031250000000004
0 0.429296875 0.017968750000000002 0.013281250000000001 0.035937500000000004
0 0.38984375000000004 0.18984375 0.010937500000000001 0.3140625
0 0.38906250000000003 0.5171875 0.0125 0.31562500000000004
0 0.38671875 0.843359375 0.0125 0.31171875000000004
