0 0.46796875000000004 0.134375 0.05 0.26875
0 0.57265625 0.41914062500000004 0.08125 0.82421875
0 0.596875 0.894140625 0.0203125 0.13359375
0 0.826171875 0.7671875 0.02734375 0.46406250000000004
0 0.73359375 0.187890625 0.0703125 0.34296875000000004
0 0.753515625 0.00859375 0.17890625000000002 0.0171875
0 0.416796875 0.9609375 0.14921875 0.0765625
0 0.6511718750000001 0.9925781250000001 0.07109375 0.013281250000000001
0 0.96796875 0.8675781250000001 0.059375000000000004 0.017968750000000002
0 0.978125 0.6488281250000001 0.0328125 0.017968750000000002
0 0.9851562500000001 0.401953125 0.028125 0.01640625
0 0.9652343750000001 0.272265625 0.06796875000000001 0.02890625
0 0.814453125 0.17421875 0.07109375 0.1203125
0 0.70625 0.721875 0.18906250000000002 0.028125
