0 0.51171875 0.234375 0.05625 0.46875
0 0.703125 0.063671875 0.029687500000000002 0.12734375
0 0.830078125 0.07265625 0.022656250000000003 0.1453125
0 0.7468750000000001 0.330859375 0.025 0.26015625000000003
0 0.505859375 0.673046875 0.02734375 0.36015625
0 0.5796875 0.9417968750000001 0.05625 0.11484375000000001
0 0.6882812500000001 0.7578125 0.07968750000000001 0.4
0 0.594921875 0.47695312500000003 0.52109375 0.057031250000000006
0 0.757421875 0.072265625 0.07265625 0.06015625
0 0.8074218750000001 0.028125 0.03359375 0.018750000000000003
0 0.6578125 0.032421875 0.051562500000000004 0.01953125
0 0.46523437500000003 0.10625000000000001 0.041406250000000006 0.018750000000000003
0 0.921484375 0.491015625 0.12734375 0.08828125
0 0.9015625 0.37617187500000004 0.026562500000000003 0.05859375
0 0.80390625 0.696484375 0.0203125 0.28828125
0 0.50546875 0.934765625 0.021875000000000002 0.12890625
0 0.990234375 0.2609375 0.017968750000000002 0.4625
0 0.9796875 0.7664062500000001 0.026562500000000003 0.4609375
