0 0.515234375 0.5828125000000001 0.08515625 0.534375
0 0.365234375 0.552734375 0.05234375 0.25234375000000003
0 0.36796875 0.759375 0.0234375 0.1625
0 0.5578125 0.947265625 0.026562500000000003 0.10390625
0 0.6046875 0.72421875 0.045312500000000006 0.20625000000000002
0 0.9285156250000001 0.64453125 0.08671875000000001 0.11875000000000001
0 0.91328125 0.1765625 0.03125 0.3515625
0 0.891796875 0.526953125 0.025781250000000002 0.34140625
0 0.917578125 0.40859375000000003 0.01640625 0.0921875
0 0.9265625000000001 0.466796875 0.1453125 0.039843750000000004
0 0.6527343750000001 0.400390625 0.025781250000000002 0.12890625
0 0.72421875 0.640625 0.03125 0.07187500000000001
0 0.7203125 0.47382812500000004 0.018750000000000003 0.28359375000000003
0 0.467578125 0.8359375 0.48828125 0.084375
0 0.47695312500000003 0.27421875 0.44453125000000004 0.12187500000000001
0 0.8515625 0.36367187500000003 0.29531250000000003 0.08046875
0 0.7035156250000001 0.28359375000000003 0.017968750000000002 0.07187500000000001
0 0.538671875 0.03671875 0.01953125 0.0734375
0 0.48164062500000004 0.1046875 0.017968750000000002 0.1296875
