0 0.618359375 0.41054687500000003 0.06015625 0.56953125
0 0.433203125 0.18828125 0.04609375 0.3765625
0 0.6355468750000001 0.03125 0.013281250000000001 0.0625
0 0.73359375 0.07187500000000001 0.029687500000000002 0.14375000000000002
0 0.792578125 0.29296875 0.030468750000000003 0.35468750000000004
0 0.8972656250000001 0.503515625 0.02109375 0.19453125000000002
0 0.944921875 0.29140625000000003 0.041406250000000006 0.5828125000000001
0 0.981640625 0.63828125 0.032031250000000004 0.096875
0 0.47304687500000003 0.946875 0.041406250000000006 0.1046875
0 0.740234375 0.856640625 0.04453125 0.28515625
0 0.776953125 0.8679687500000001 0.01640625 0.2625
0 0.9363281250000001 0.7984375 0.01171875 0.40156250000000004
0 0.53359375 0.722265625 0.42500000000000004 0.10078125
0 0.8386718750000001 0.6328125 0.18515625000000002 0.08125
0 0.96640625 0.584375 0.065625 0.03125
0 0.6957031250000001 0.045703125000000004 0.049218750000000006 0.03515625
0 0.610546875 0.052734375 0.039843750000000004 0.02109375
0 0.6953125 0.48046875 0.015625 0.11406250000000001
0 0.688671875 0.41171875 0.08046875 0.0234375
