0 0.51484375 0.29453125 0.060937500000000006 0.06406250000000001
0 0.7351562500000001 0.49375 0.14375000000000002 0.43593750000000003
0 0.740234375 0.0578125 0.01953125 0.115625
0 0.48164062500000004 0.083984375 0.032031250000000004 0.16796875
0 0.45351562500000003 0.558203125 0.08359375000000001 0.77890625
0 0.6257812500000001 0.8519531250000001 0.037500000000000006 0.29453125
0 0.7914062500000001 0.8425781250000001 0.0328125 0.31328125
0 0.96875 0.498046875 0.060937500000000006 0.99609375
0 0.8425781250000001 0.6160156250000001 0.03515625 0.11328125
0 0.9031250000000001 0.366015625 0.0125 0.13984375000000002
0 0.6996093750000001 0.16562500000000002 0.40234375 0.09843750000000001
0 0.634375 0.5828125000000001 0.0140625 0.08125
0 0.6664062500000001 0.9871093750000001 0.05625 0.02421875
0 0.60859375 0.622265625 0.0421875 0.014843750000000001
0 0.40078125000000003 0.156640625 0.125 0.041406250000000006
