0 0.7625000000000001 0.519140625 0.065625 0.39921875
0 0.57578125 0.503125 0.06406250000000001 0.6937500000000001
0 0.43671875000000004 0.530859375 0.053125000000000006 0.37265625
0 0.513671875 0.062890625 0.01640625 0.12734375
0 0.683203125 0.11640625 0.08359375000000001 0.234375
0 0.9281250000000001 0.380859375 0.0171875 0.13515625
0 0.9652343750000001 0.377734375 0.00703125 0.057031250000000006
0 0.9773437500000001 0.498828125 0.03125 0.99765625
0 0.5417968750000001 0.8894531250000001 0.01953125 0.14296875
0 0.7742187500000001 0.8453125 0.0171875 0.17500000000000002
