0 0.5078125 0.665625 0.053125000000000006 0.6671875
0 0.6996093750000001 0.675390625 0.02890625 0.26171875
0 0.755859375 0.9378906250000001 0.01640625 0.12265625000000001
0 0.8343750000000001 0.66328125 0.0203125 0.32656250000000003
0 0.81953125 0.11289062500000001 0.040625 0.22578125000000002
0 0.55859375 0.26015625000000003 0.05625 0.309375
0 0.85546875 0.151171875 0.029687500000000002 0.30234375
0 0.75390625 0.743359375 0.078125 0.07109375
0 0.7410156250000001 0.33359375 0.19296875000000002 0.0765625
0 0.462890625 0.7914062500000001 0.041406250000000006 0.015625
0 0.6605468750000001 0.7074218750000001 0.05078125 0.01953125
0 0.884375 0.295703125 0.010937500000000001 0.10390625
0 0.87109375 0.452734375 0.010937500000000001 0.04453125
0 0.55703125 0.46992187500000004 0.028125 0.07265625
