0 0.60859375 0.45234375000000004 0.48125 0.045312500000000006
0 0.737890625 0.8050781250000001 0.16640625 0.04296875
0 0.703125 0.28828125 0.0484375 0.278125
0 0.753515625 0.22617187500000002 0.030468750000000003 0.45234375000000004
0 0.732421875 0.6214843750000001 0.07421875 0.32890625
0 0.6863281250000001 0.9128906250000001 0.03359375 0.17265625
0 0.508203125 0.8109375000000001 0.047656250000000004 0.3765625
0 0.587109375 0.030859375 0.014843750000000001 0.06171875
0 0.6890625 0.5300781250000001 0.0203125 0.10859375
0 0.5320312500000001 0.571484375 0.015625 0.032031250000000004
0 0.534375 0.50625 0.0125 0.059375000000000004
