0 0.80390625 0.3203125 0.040625 0.209375
0 0.7000000000000001 0.21796875000000002 0.07187500000000001 0.43593750000000003
0 0.5640625 0.14140625 0.053125000000000006 0.23750000000000002
0 0.562890625 0.3375 0.025781250000000002 0.19062500000000002
0 0.76484375 0.625 0.043750000000000004 0.2765625
0 0.7390625000000001 0.8562500000000001 0.018750000000000003 0.1
0 0.6121093750000001 0.905859375 0.02734375 0.12734375
0 0.7757812500000001 0.908203125 0.028125 0.18203125
0 0.7375 0.7878906250000001 0.28125 0.05859375
0 0.6589843750000001 0.42578125 0.47734375 0.08281250000000001
0 0.52265625 0.8402343750000001 0.215625 0.030468750000000003
0 0.8406250000000001 0.026171875 0.0171875 0.05234375
0 0.919140625 0.13046875 0.03671875 0.2609375
