0 0.45078125 0.248828125 0.15937500000000002 0.11640625
0 0.6019531250000001 0.060937500000000006 0.03828125 0.12187500000000001
0 0.62265625 0.162109375 0.0203125 0.17421875
0 0.852734375 0.16132812500000002 0.049218750000000006 0.32265625000000003
0 0.7542968750000001 0.58828125 0.03828125 0.284375
0 0.49726562500000004 0.54140625 0.05078125 0.47187500000000004
0 0.48945312500000004 0.895703125 0.03359375 0.20703125
0 0.636328125 0.759765625 0.56484375 0.08359375000000001
0 0.946484375 0.43671875000000004 0.10546875 0.0578125
0 0.644140625 0.40390625 0.10859375 0.1765625
0 0.7445312500000001 0.323828125 0.43281250000000004 0.06640625
0 0.971875 0.205078125 0.0546875 0.022656250000000003
0 0.9765625 0.311328125 0.0421875 0.01640625
0 0.7421875 0.023046875 0.18125000000000002 0.04609375
0 0.917578125 0.9515625000000001 0.013281250000000001 0.09375
0 0.822265625 0.95859375 0.013281250000000001 0.08125
0 0.7250000000000001 0.94140625 0.029687500000000002 0.115625
0 0.52734375 0.9105468750000001 0.053125000000000006 0.057031250000000006
