0 0.7203125 0.01171875 0.08750000000000001 0.0234375
0 0.687109375 0.8640625000000001 0.07578125000000001 0.0421875
0 0.560546875 0.5808593750000001 0.08515625 0.032031250000000004
0 0.43476562500000004 0.01171875 0.30390625000000004 0.0234375
0 0.385546875 0.7816406250000001 0.21953125 0.049218750000000006
0 0.572265625 0.8171875000000001 0.11953125 0.0625
0 0.650390625 0.5 0.04296875 0.9968750000000001
0 0.5183593750000001 0.39687500000000003 0.04296875 0.7781250000000001
0 0.486328125 0.91953125 0.030468750000000003 0.15937500000000002
0 0.44296875 0.9011718750000001 0.046875 0.19609375
2 0.9597656250000001 0.5652343750000001 0.07890625000000001 0.025781250000000002
0 0.972265625 0.0234375 0.05390625 0.021875000000000002
