0 0.5867187500000001 0.8250000000000001 0.021875000000000002 0.3484375
0 0.7265625 0.80625 0.037500000000000006 0.38593750000000004
0 0.7375 0.6160156250000001 0.140625 0.02421875
0 0.5066406250000001 0.6484375 0.31953125000000004 0.084375
0 0.615234375 0.42109375000000004 0.11640625 0.3671875
0 0.712890625 0.46640625 0.02890625 0.2609375
0 0.494140625 0.425390625 0.05234375 0.38828125
0 0.5261718750000001 0.8296875 0.03359375 0.24375000000000002
0 0.48671875000000003 0.907421875 0.018750000000000003 0.18359375
0 0.41718750000000004 0.08867187500000001 0.0140625 0.17734375000000002
0 0.6781250000000001 0.16953125000000002 0.0421875 0.33906250000000004
