0 0.5265625 0.3140625 0.3359375 0.0578125
0 0.7683593750000001 0.2734375 0.13359375 0.040625
0 0.455078125 0.153125 0.01953125 0.30625
0 0.703125 0.078515625 0.021875000000000002 0.15703125
0 0.703125 0.44843750000000004 0.026562500000000003 0.27968750000000003
0 0.6820312500000001 0.650390625 0.0234375 0.08828125
0 0.566015625 0.954296875 0.017968750000000002 0.08984375
0 0.48867187500000003 0.6078125000000001 0.08984375 0.5203125000000001
0 0.49375 0.12460937500000001 0.010937500000000001 0.13046875
0 0.423828125 0.499609375 0.030468750000000003 0.99921875
