0 0.5320312500000001 0.80390625 0.12187500000000001 0.040625
0 0.523046875 0.21328125 0.20234375000000002 0.05
0 0.704296875 0.253515625 0.12421875 0.06796875000000001
0 0.8125 0.29609375 0.07500000000000001 0.045312500000000006
0 0.769140625 0.30195312500000004 0.022656250000000003 0.6039062500000001
0 0.673046875 0.109375 0.10703125000000001 0.21875
0 0.6214843750000001 0.6335937500000001 0.049218750000000006 0.7312500000000001
0 0.57578125 0.3375 0.0421875 0.20625000000000002
0 0.56171875 0.58046875 0.021875000000000002 0.253125
0 0.5234375 0.626953125 0.053125000000000006 0.02109375
0 0.788671875 0.85703125 0.041406250000000006 0.018750000000000003
0 0.51875 0.06796875000000001 0.0171875 0.13593750000000002
0 0.6804687500000001 0.31640625 0.0125 0.05625
