0 0.436328125 0.8503906250000001 0.039843750000000004 0.29765625
0 0.55703125 0.8835937500000001 0.029687500000000002 0.23125
0 0.673046875 0.590234375 0.030468750000000003 0.81796875
0 0.5359375000000001 0.456640625 0.234375 0.08671875000000001
0 0.730078125 0.9226562500000001 0.08984375 0.029687500000000002
0 0.718359375 0.487109375 0.06640625 0.01953125
0 0.7410156250000001 0.7210937500000001 0.09609375 0.03125
0 0.5847656250000001 0.176171875 0.48046875 0.07421875
0 0.7140625 0.05234375 0.025 0.1046875
0 0.455078125 0.611328125 0.022656250000000003 0.16171875000000002
0 0.419921875 0.16757812500000002 0.02890625 0.33515625000000004
0 0.40742187500000004 0.507421875 0.01953125 0.31328125
0 0.400390625 0.7855468750000001 0.017968750000000002 0.21484375
