0 0.474609375 0.27109375 0.07578125000000001 0.5421875
0 0.43828125 0.758984375 0.0203125 0.43359375
0 0.691015625 0.65234375 0.02421875 0.31875000000000003
0 0.685546875 0.09765625 0.06171875 0.1953125
0 0.623046875 0.951171875 0.40234375 0.08515625
0 0.6957031250000001 0.22578125000000002 0.014843750000000001 0.08750000000000001
0 0.7609375 0.5261718750000001 0.1203125 0.022656250000000003
0 0.47734375 0.7578125 0.0125 0.17343750000000002
0 0.37265625 0.9812500000000001 0.08125 0.021875000000000002
0 0.412890625 0.72578125 0.02890625 0.515625
0 0.425390625 0.17500000000000002 0.02421875 0.35000000000000003
