0 0.765234375 0.08476562500000001 0.01953125 0.16953125000000002
0 0.8375 0.150390625 0.0140625 0.13828125
0 0.8695312500000001 0.07968750000000001 0.065625 0.0203125
0 0.883984375 0.52109375 0.23046875 0.0421875
0 0.8949218750000001 0.35000000000000003 0.20859375000000002 0.084375
0 0.733984375 0.41250000000000003 0.06171875 0.203125
0 0.6628906250000001 0.330859375 0.06171875 0.09609375
0 0.7328125000000001 0.30546875 0.059375000000000004 0.026562500000000003
0 0.7542968750000001 0.7578125 0.030468750000000003 0.48281250000000003
0 0.847265625 0.864453125 0.014843750000000001 0.26953125
0 0.219140625 0.07968750000000001 0.03359375 0.15937500000000002
0 0.08554687500000001 0.505078125 0.17109375000000002 0.39609375
0 0.24375000000000002 0.386328125 0.0234375 0.19609375
0 0.23125 0.519921875 0.1125 0.04609375
0 0.8992187500000001 0.05234375 0.00625 0.029687500000000002
0 0.27109375 0.128515625 0.004687500000000001 0.03359375
0 0.2765625 0.06992187500000001 0.010937500000000001 0.05078125
0 0.42031250000000003 0.228515625 0.546875 0.13359375
3 0.7761718750000001 0.24921875000000002 0.041406250000000006 0.1203125
