0 0.525 0.48476562500000003 0.040625 0.14609375
0 0.6671875 0.6125 0.026562500000000003 0.540625
0 0.7152343750000001 0.8828125 0.22109375 0.045312500000000006
0 0.53359375 0.9320312500000001 0.3484375 0.05625
0 0.482421875 0.9789062500000001 0.013281250000000001 0.040625
0 0.64765625 0.203125 0.6234375000000001 0.09062500000000001
0 0.583203125 0.30898437500000003 0.01171875 0.09296875
0 0.9750000000000001 0.16523437500000002 0.0484375 0.31484375000000003
0 0.396484375 0.499609375 0.06015625 0.99921875
0 0.9636718750000001 0.64453125 0.06796875000000001 0.12187500000000001
