0 0.7332031250000001 0.618359375 0.014843750000000001 0.032031250000000004
0 0.21601562500000002 0.7894531250000001 0.27109375 0.41953125
0 0.0421875 0.43828125 0.084375 0.3796875
0 0.25039062500000003 0.160546875 0.03515625 0.049218750000000006
0 0.952734375 0.501953125 0.02734375 0.9945312500000001
0 0.325 0.03671875 0.0328125 0.0734375
0 0.219140625 0.034765625 0.047656250000000004 0.06953125
0 0.7117187500000001 0.362109375 0.44062500000000004 0.47421875
0 0.7992187500000001 0.823828125 0.0125 0.11171875
0 0.68671875 0.765234375 0.015625 0.16484375
0 0.47304687500000003 0.92890625 0.08359375000000001 0.1078125
