0 0.361328125 0.826171875 0.19765625 0.09765625
0 0.524609375 0.792578125 0.11171875 0.02734375
0 0.12812500000000002 0.794140625 0.25625000000000003 0.11796875000000001
0 0.16015625 0.5515625000000001 0.3203125 0.11875000000000001
0 0.640625 0.49648437500000003 0.6296875000000001 0.09609375
0 0.278125 0.23554687500000002 0.209375 0.47109375000000003
0 0.593359375 0.7679687500000001 0.05390625 0.4625
0 0.7484375000000001 0.7230468750000001 0.021875000000000002 0.23515625
0 0.69453125 0.6492187500000001 0.015625 0.18906250000000002
0 0.696484375 0.401953125 0.01171875 0.09453125000000001
0 0.95859375 0.775390625 0.040625 0.44765625000000003
0 0.9734375000000001 0.26484375 0.0390625 0.5296875
0 0.014843750000000001 0.21484375 0.029687500000000002 0.25
0 0.511328125 0.349609375 0.11015625000000001 0.20234375000000002
0 0.821484375 0.19609375 0.01171875 0.08750000000000001
0 0.6214843750000001 0.166796875 0.01171875 0.07890625000000001
0 0.40742187500000004 0.205859375 0.030468750000000003 0.11484375000000001
0 0.279296875 0.755859375 0.09453125000000001 0.47265625
