0 0.490234375 0.7542968750000001 0.022656250000000003 0.33671875
0 0.474609375 0.34687500000000004 0.017968750000000002 0.07187500000000001
0 0.48359375000000004 0.23945312500000002 0.018750000000000003 0.12890625
0 0.494140625 0.11093750000000001 0.014843750000000001 0.1234375
0 0.6683593750000001 0.05859375 0.02421875 0.1171875
0 0.66328125 0.6800781250000001 0.037500000000000006 0.63828125
0 0.546484375 0.9769531250000001 0.47421875 0.04453125
0 0.41914062500000004 0.09648437500000001 0.025781250000000002 0.18671875000000002
0 0.40390625 0.35234375 0.028125 0.3046875
0 0.390234375 0.6726562500000001 0.01953125 0.30312500000000003
3 0.451171875 0.160546875 0.06171875 0.29921875000000003
3 0.435546875 0.44765625000000003 0.05859375 0.27187500000000003
