0 0.5437500000000001 0.08085937500000001 0.0328125 0.16171875000000002
0 0.5265625 0.211328125 0.040625 0.08671875000000001
0 0.508203125 0.29375 0.022656250000000003 0.0390625
0 0.6117187500000001 0.876171875 0.025 0.19921875
0 0.762890625 0.48945312500000004 0.21796875000000002 0.05859375
0 0.6875 0.6335937500000001 0.2578125 0.115625
0 0.43398437500000003 0.960546875 0.013281250000000001 0.07734375
0 0.62265625 0.73046875 0.021875000000000002 0.078125
0 0.7464843750000001 0.13398437500000002 0.01640625 0.10078125
0 0.463671875 0.33242187500000003 0.03671875 0.01640625
3 0.503515625 0.6765625000000001 0.08359375000000001 0.6453125000000001
0 0.49375 0.12421875 0.0328125 0.2484375
