0 0.6195312500000001 0.4734375 0.1796875 0.043750000000000004
0 0.751171875 0.49648437500000003 0.07421875 0.02890625
0 0.705078125 0.6734375 0.039843750000000004 0.6515625
0 0.61484375 0.96875 0.0140625 0.060937500000000006
0 0.43046875 0.944921875 0.0125 0.07890625000000001
0 0.35625 0.421875 0.0203125 0.1765625
0 0.39179687500000004 0.15781250000000002 0.022656250000000003 0.309375
0 0.46015625000000004 0.47382812500000004 0.115625 0.03515625
0 0.43828125 0.14609375 0.05625 0.0171875
0 0.575390625 0.023828125000000002 0.01015625 0.047656250000000004
0 0.6859375000000001 0.160546875 0.034375 0.02109375
3 0.43085937500000004 0.80859375 0.01171875 0.12812500000000002
0 0.3796875 0.48164062500000004 0.0203125 0.31171875000000004
0 0.37148437500000003 0.80625 0.02109375 0.321875
