0 0.5750000000000001 0.371875 0.46875 0.11875000000000001
0 0.401953125 0.5796875 0.030468750000000003 0.30312500000000003
0 0.42734375 0.155078125 0.035937500000000004 0.31015625
0 0.53046875 0.029296875 0.015625 0.05859375
0 0.569921875 0.7386718750000001 0.017968750000000002 0.11484375000000001
0 0.4546875 0.7152343750000001 0.009375000000000001 0.09921875000000001
0 0.49765625 0.5421875 0.010937500000000001 0.0546875
0 0.4453125 0.8992187500000001 0.05 0.015625
0 0.6804687500000001 0.912109375 0.037500000000000006 0.03359375
0 0.570703125 0.20390625 0.01640625 0.0390625
0 0.38398437500000004 0.87421875 0.022656250000000003 0.25
