0 0.5613281250000001 0.18125000000000002 0.022656250000000003 0.36250000000000004
0 0.731640625 0.22773437500000002 0.022656250000000003 0.45546875000000003
0 0.494921875 0.6214843750000001 0.022656250000000003 0.27578125000000003
0 0.49335937500000004 0.8128906250000001 0.030468750000000003 0.09296875
0 0.718359375 0.82578125 0.06640625 0.021875000000000002
0 0.618359375 0.38007812500000004 0.46953125 0.05859375
0 0.451171875 0.94453125 0.06796875000000001 0.0140625
0 0.459765625 0.114453125 0.02109375 0.22890625
0 0.45351562500000003 0.47968750000000004 0.01015625 0.13593750000000002
0 0.45039062500000004 0.7117187500000001 0.013281250000000001 0.30312500000000003
