0 0.44375000000000003 0.1015625 0.025 0.203125
0 0.42734375 0.37031250000000004 0.029687500000000002 0.2984375
0 0.413671875 0.68515625 0.02421875 0.30000000000000004
0 0.40546875000000004 0.923828125 0.0171875 0.15078125
0 0.48281250000000003 0.886328125 0.0203125 0.13046875
0 0.48046875 0.9769531250000001 0.018750000000000003 0.04453125
0 0.48828125 0.755078125 0.009375000000000001 0.11796875000000001
0 0.462890625 0.358984375 0.032031250000000004 0.29765625
3 0.45078125 0.755859375 0.053125000000000006 0.46640625
0 0.54921875 0.075390625 0.026562500000000003 0.15078125
0 0.675 0.45351562500000003 0.0484375 0.60859375
0 0.554296875 0.173828125 0.19609375 0.06953125
0 0.741796875 0.15585937500000002 0.17109375000000002 0.04609375
0 0.594140625 0.5859375 0.049218750000000006 0.0171875
