0 0.6839843750000001 0.177734375 0.12109375 0.04296875
0 0.700390625 0.54140625 0.23671875 0.0234375
0 0.603125 0.934765625 0.4625 0.06796875000000001
0 0.6781250000000001 0.9796875 0.0125 0.0390625
0 0.62890625 0.774609375 0.046875 0.23984375000000002
0 0.747265625 0.63828125 0.03828125 0.1765625
0 0.7269531250000001 0.8210937500000001 0.013281250000000001 0.07500000000000001
0 0.483203125 0.35195312500000003 0.02734375 0.30703125000000003
0 0.465625 0.238671875 0.018750000000000003 0.27890625
0 0.47109375000000003 0.0625 0.015625 0.053125000000000006
0 0.45703125 0.544921875 0.018750000000000003 0.30078125
0 0.451953125 0.8070312500000001 0.013281250000000001 0.19375
0 0.45234375000000004 0.983984375 0.0078125 0.030468750000000003
0 0.51796875 0.976171875 0.0171875 0.04609375
0 0.75703125 0.35585937500000003 0.0171875 0.35546875
0 0.636328125 0.078515625 0.03671875 0.15703125
0 0.558984375 0.52734375 0.10703125000000001 0.7250000000000001
0 0.7605468750000001 0.07968750000000001 0.041406250000000006 0.15937500000000002
