0 0.3765625 0.1421875 0.029687500000000002 0.25
0 0.47578125000000004 0.23359375000000002 0.0546875 0.46406250000000004
0 0.49921875000000004 0.702734375 0.0328125 0.59296875
0 0.73203125 0.8140625 0.021875000000000002 0.146875
0 0.716796875 0.953125 0.017968750000000002 0.0921875
0 0.560546875 0.9085937500000001 0.47734375 0.05625
0 0.6957031250000001 0.653515625 0.09609375 0.01953125
0 0.41953125 0.77890625 0.009375000000000001 0.06875
0 0.401171875 0.1328125 0.017968750000000002 0.2625
0 0.396484375 0.42734375 0.014843750000000001 0.30312500000000003
0 0.3953125 0.73984375 0.009375000000000001 0.29375
0 0.4 0.966796875 0.015625 0.06484375
3 0.4265625 0.37812500000000004 0.0328125 0.728125
