0 0.7671875 0.082421875 0.037500000000000006 0.16484375
0 0.640234375 0.20664062500000002 0.06171875 0.25078125
0 0.53671875 0.15546875000000002 0.043750000000000004 0.31093750000000003
0 0.50390625 0.659765625 0.046875 0.67890625
0 0.6890625 0.9 0.018750000000000003 0.19843750000000002
0 0.669140625 0.6082031250000001 0.041406250000000006 0.46328125000000003
0 0.53359375 0.341796875 0.29531250000000003 0.06796875000000001
0 0.75703125 0.38710937500000003 0.15000000000000002 0.04609375
0 0.7351562500000001 0.255859375 0.015625 0.08671875000000001
0 0.46171875 0.2078125 0.021875000000000002 0.18906250000000002
0 0.47382812500000004 0.0484375 0.01640625 0.096875
0 0.45156250000000003 0.390234375 0.010937500000000001 0.02734375
0 0.439453125 0.562890625 0.02734375 0.29609375
0 0.42578125 0.8621093750000001 0.0234375 0.27421875
