0 0.623046875 0.0734375 0.02421875 0.146875
0 0.6449218750000001 0.19609375 0.04609375 0.0921875
0 0.6468750000000001 0.546484375 0.0546875 0.56171875
0 0.645703125 0.9148437500000001 0.017968750000000002 0.16875
0 0.7742187500000001 0.9320312500000001 0.035937500000000004 0.134375
0 0.47968750000000004 0.90625 0.0140625 0.1859375
0 0.511328125 0.400390625 0.07109375 0.80078125
0 0.594921875 0.15585937500000002 0.05234375 0.01953125
0 0.79296875 0.275390625 0.27187500000000003 0.06328125
0 0.9796875 0.33320312500000004 0.0328125 0.03828125
0 0.9015625 0.021875000000000002 0.1953125 0.043750000000000004
0 0.776953125 0.051562500000000004 0.017968750000000002 0.08125
0 0.44179687500000003 0.8078125 0.06328125 0.0125
0 0.5515625000000001 0.818359375 0.140625 0.03359375
0 0.77734375 0.8523437500000001 0.22968750000000002 0.045312500000000006
