0 0.37617187500000004 0.7351562500000001 0.05390625 0.246875
0 0.41484375 0.946484375 0.0140625 0.10546875
0 0.42031250000000003 0.687109375 0.028125 0.38828125
0 0.43046875 0.33437500000000003 0.021875000000000002 0.2921875
0 0.440234375 0.087109375 0.02421875 0.17421875
0 0.49375 0.43398437500000003 0.051562500000000004 0.8679687500000001
0 0.491015625 0.9402343750000001 0.017968750000000002 0.11796875000000001
0 0.69921875 0.555078125 0.05625 0.57421875
0 0.669140625 0.15625 0.03828125 0.3125
0 0.6156250000000001 0.866796875 0.3765625 0.06953125
0 0.37617187500000004 0.8738281250000001 0.06328125 0.03359375
0 0.736328125 0.147265625 0.10390625 0.041406250000000006
