0 0.330078125 0.704296875 0.16484375 0.03671875
0 0.574609375 0.7421875 0.31015625 0.0578125
0 0.36562500000000003 0.075390625 0.16562500000000002 0.03671875
0 0.606640625 0.117578125 0.28984375 0.07734375
0 0.463671875 0.042578125 0.02109375 0.08515625
0 0.434375 0.40273437500000003 0.051562500000000004 0.62109375
0 0.41132812500000004 0.778515625 0.01953125 0.11953125
0 0.400390625 0.93359375 0.01015625 0.13125
0 0.45351562500000003 0.919921875 0.04453125 0.15859375
0 0.45039062500000004 0.7855468750000001 0.013281250000000001 0.04453125
0 0.3171875 0.8601562500000001 0.0203125 0.278125
0 0.33046875000000003 0.5457031250000001 0.0234375 0.28828125
0 0.3484375 0.240234375 0.029687500000000002 0.29609375
0 0.36250000000000004 0.028125 0.0125 0.05625
0 0.6671875 0.43476562500000004 0.0421875 0.56484375
0 0.698828125 0.039843750000000004 0.017968750000000002 0.07968750000000001
0 0.95234375 0.48203125 0.09375 0.037500000000000006
