0 0.396484375 0.34414062500000003 0.03359375 0.6882812500000001
0 0.308203125 0.7359375 0.039843750000000004 0.5265625
0 0.42226562500000003 0.8382812500000001 0.06015625 0.321875
0 0.776953125 0.573828125 0.06015625 0.08515625
0 0.82578125 0.05859375 0.0140625 0.1171875
0 0.865234375 0.35703125 0.02109375 0.1953125
0 0.81015625 0.310546875 0.026562500000000003 0.35703125
0 0.8765625 0.20468750000000002 0.009375000000000001 0.11406250000000001
0 0.496875 0.0390625 0.009375000000000001 0.078125
0 0.35546875 0.26953125 0.018750000000000003 0.1375
0 0.526953125 0.5222656250000001 0.53828125 0.04609375
0 0.7917968750000001 0.701171875 0.41484375 0.08203125
0 0.55390625 0.757421875 0.009375000000000001 0.08515625
0 0.373046875 0.8792968750000001 0.04296875 0.02109375
0 0.587109375 0.9792968750000001 0.27265625 0.039843750000000004
0 0.505859375 0.626953125 0.02734375 0.02890625
