0 0.50390625 0.49609375 0.028125 0.22968750000000002
0 0.537109375 0.229296875 0.049218750000000006 0.27265625
0 0.8460937500000001 0.267578125 0.0171875 0.11953125
0 0.8519531250000001 0.964453125 0.02109375 0.06953125
0 0.8699218750000001 0.872265625 0.02890625 0.13515625
0 0.837109375 0.6015625 0.025781250000000002 0.278125
0 0.901953125 0.358984375 0.11015625000000001 0.18671875000000002
0 0.6796875 0.424609375 0.32656250000000003 0.09609375
0 0.43359375 0.3515625 0.153125 0.05
0 0.42421875000000003 0.09531250000000001 0.018750000000000003 0.19062500000000002
0 0.425390625 0.26953125 0.01015625 0.11875000000000001
0 0.42695312500000004 0.43828125 0.01640625 0.12187500000000001
0 0.42304687500000004 0.65390625 0.017968750000000002 0.2859375
0 0.42031250000000003 0.9066406250000001 0.0078125 0.17578125
0 0.444140625 0.6996093750000001 0.00703125 0.59140625
0 0.755859375 0.937109375 0.17421875 0.02890625
0 0.6941406250000001 0.97578125 0.03671875 0.025
1 0.73046875 0.989453125 0.0140625 0.01953125
0 0.87421875 0.732421875 0.037500000000000006 0.030468750000000003
0 0.9753906250000001 0.7214843750000001 0.04609375 0.022656250000000003
0 0.9261718750000001 0.264453125 0.14609375 0.02734375
0 0.8125 0.1375 0.096875 0.0421875
0 0.9105468750000001 0.03515625 0.014843750000000001 0.0703125
0 0.564453125 0.032031250000000004 0.01015625 0.06406250000000001
0 0.632421875 0.710546875 0.030468750000000003 0.017968750000000002
0 0.814453125 0.77734375 0.01953125 0.0125
