0 0.6253906250000001 0.232421875 0.025781250000000002 0.21015625000000002
0 0.7230468750000001 0.187890625 0.025781250000000002 0.19296875000000002
0 0.6957031250000001 0.45 0.02109375 0.23750000000000002
0 0.6796875 0.5953125 0.010937500000000001 0.03125
0 0.6824218750000001 0.9125000000000001 0.014843750000000001 0.17343750000000002
0 0.5261718750000001 0.156640625 0.03671875 0.31328125
0 0.5066406250000001 0.333984375 0.21015625000000002 0.05390625
0 0.65234375 0.343359375 0.07500000000000001 0.022656250000000003
0 0.7742187500000001 0.390234375 0.1296875 0.06640625
0 0.616796875 0.570703125 0.43671875000000004 0.041406250000000006
0 0.47734375 0.4453125 0.018750000000000003 0.215625
0 0.566015625 0.433203125 0.01953125 0.14609375
0 0.52890625 0.61875 0.009375000000000001 0.0390625
0 0.501171875 0.0578125 0.01171875 0.115625
0 0.53359375 0.9617187500000001 0.009375000000000001 0.07500000000000001
0 0.556640625 0.852734375 0.01015625 0.07109375
0 0.47265625 0.6890625 0.0171875 0.1859375
0 0.4546875 0.683203125 0.015625 0.18828125
0 0.48984375 0.655859375 0.0125 0.09609375
0 0.7308593750000001 0.54609375 0.022656250000000003 0.0078125
