0 0.4390625 0.1015625 0.028125 0.203125
0 0.423828125 0.291015625 0.022656250000000003 0.13671875
0 0.413671875 0.451953125 0.01953125 0.11796875000000001
0 0.39921875 0.6667968750000001 0.025 0.27734375
0 0.405078125 0.8542968750000001 0.01171875 0.09609375
0 0.513671875 0.071484375 0.02109375 0.14296875
0 0.494140625 0.566796875 0.03671875 0.82578125
0 0.525390625 0.958203125 0.02109375 0.08203125
0 0.8363281250000001 0.878125 0.01953125 0.2421875
0 0.620703125 0.354296875 0.03515625 0.29609375
0 0.87109375 0.205078125 0.0421875 0.41015625
0 0.571875 0.169921875 0.21406250000000002 0.05234375
0 0.82421875 0.24960937500000002 0.060937500000000006 0.02421875
0 0.806640625 0.012109375 0.08515625 0.02421875
0 0.69921875 0.516796875 0.3796875 0.08671875000000001
0 0.5886718750000001 0.74609375 0.18359375 0.06875
0 0.7859375000000001 0.7625000000000001 0.08281250000000001 0.0203125
0 0.87421875 0.658203125 0.0484375 0.19921875
0 0.8289062500000001 0.649609375 0.0140625 0.18671875000000002
0 0.739453125 0.625 0.014843750000000001 0.125
0 0.710546875 0.8230468750000001 0.06484375 0.25234375000000003
0 0.69296875 0.9851562500000001 0.0765625 0.028125
0 0.7894531250000001 0.9125000000000001 0.07578125000000001 0.037500000000000006
0 0.8070312500000001 0.8777343750000001 0.040625 0.02109375
0 0.96875 0.895703125 0.060937500000000006 0.025781250000000002
0 0.6238281250000001 0.634375 0.017968750000000002 0.08750000000000001
