0 0.46953125 0.49921875000000004 0.0390625 0.19062500000000002
0 0.4453125 0.808203125 0.035937500000000004 0.38203125000000004
0 0.85078125 0.8265625000000001 0.0078125 0.1296875
0 0.87890625 0.507421875 0.004687500000000001 0.05390625
0 0.860546875 0.404296875 0.01171875 0.14765625000000002
0 0.829296875 0.1875 0.017968750000000002 0.2546875
0 0.48945312500000004 0.136328125 0.03515625 0.27265625
0 0.529296875 0.419921875 0.04609375 0.40703125
0 0.37265625 0.44570312500000003 0.015625 0.26171875
0 0.39179687500000004 0.05234375 0.01640625 0.1046875
0 0.36953125000000003 0.7953125000000001 0.009375000000000001 0.09843750000000001
0 0.822265625 0.6394531250000001 0.017968750000000002 0.05078125
0 0.8523437500000001 0.71484375 0.0125 0.084375
0 0.70703125 0.16523437500000002 0.06875 0.18203125
0 0.727734375 0.032421875 0.01015625 0.06484375
0 0.60703125 0.046875 0.23125 0.059375000000000004
0 0.9617187500000001 0.198046875 0.07500000000000001 0.02421875
0 0.8078125 0.035937500000000004 0.1453125 0.07187500000000001
0 0.6875 0.2828125 0.07500000000000001 0.0234375
0 0.381640625 0.608984375 0.15234375 0.02421875
0 0.6375000000000001 0.624609375 0.353125 0.05234375
0 0.90625 0.56875 0.184375 0.08125
0 0.640234375 0.698828125 0.01015625 0.09140625000000001
0 0.5261718750000001 0.8250000000000001 0.013281250000000001 0.140625
0 0.41640625000000003 0.296484375 0.0125 0.12890625
0 0.788671875 0.215625 0.07109375 0.034375
