0 0.40703125 0.087109375 0.0171875 0.17421875
0 0.408984375 0.24726562500000002 0.01171875 0.04296875
0 0.40859375000000003 0.427734375 0.0203125 0.29140625000000003
0 0.4109375 0.7265625 0.015625 0.2828125
0 0.41015625 0.9441406250000001 0.010937500000000001 0.11015625000000001
0 0.484375 0.904296875 0.03125 0.18984375
0 0.487890625 0.68671875 0.03515625 0.234375
0 0.6140625000000001 0.9207031250000001 0.018750000000000003 0.15703125
0 0.55078125 0.813671875 0.2265625 0.03359375
0 0.816015625 0.8601562500000001 0.07578125000000001 0.026562500000000003
0 0.69921875 0.6175781250000001 0.30781250000000004 0.05078125
0 0.905859375 0.18984375 0.01015625 0.07187500000000001
0 0.8972656250000001 0.292578125 0.014843750000000001 0.12890625
0 0.55703125 0.405859375 0.0328125 0.35390625000000003
0 0.4234375 0.19609375 0.15156250000000002 0.05
0 0.487890625 0.22187500000000002 0.28203125 0.021875000000000002
0 0.8109375000000001 0.23125 0.3765625 0.0859375
0 0.8968750000000001 0.47890625000000003 0.05625 0.03125
0 0.9011718750000001 0.420703125 0.00859375 0.07109375
0 0.9421875000000001 0.068359375 0.010937500000000001 0.13671875
0 0.849609375 0.640234375 0.03671875 0.71796875
