0 0.7585937500000001 0.143359375 0.13125 0.06015625
0 0.54453125 0.09843750000000001 0.2921875 0.051562500000000004
0 0.609375 0.33359375 0.43125 0.0390625
0 0.6937500000000001 0.9015625 0.290625 0.078125
0 0.9796875 0.9261718750000001 0.015625 0.14609375
0 0.65 0.9640625 0.010937500000000001 0.0703125
0 0.677734375 0.60859375 0.030468750000000003 0.5203125000000001
0 0.5417968750000001 0.837890625 0.032031250000000004 0.32265625000000003
0 0.470703125 0.452734375 0.01953125 0.19609375
0 0.5546875 0.19765625 0.0203125 0.15156250000000002
0 0.688671875 0.2421875 0.022656250000000003 0.14375000000000002
0 0.70078125 0.037890625000000004 0.0125 0.07578125000000001
0 0.612890625 0.034765625 0.01640625 0.06953125
0 0.5046875000000001 0.034765625 0.010937500000000001 0.06953125
0 0.44960937500000003 0.45429687500000004 0.014843750000000001 0.20390625
0 0.55703125 0.6082031250000001 0.010937500000000001 0.07890625000000001
0 0.615234375 0.7894531250000001 0.03359375 0.01953125
