0 0.53828125 0.353125 0.0421875 0.696875
0 0.46406250000000004 0.8246093750000001 0.0203125 0.34921875
0 0.542578125 0.898046875 0.02890625 0.18984375
0 0.67890625 0.76484375 0.018750000000000003 0.09843750000000001
0 0.640234375 0.880078125 0.01640625 0.09140625000000001
0 0.7074218750000001 0.9792968750000001 0.01171875 0.039843750000000004
0 0.9105468750000001 0.755078125 0.02890625 0.21640625000000002
0 0.93359375 0.8703125 0.0140625 0.0734375
0 0.94296875 0.946484375 0.018750000000000003 0.10546875
0 0.903515625 0.47304687500000003 0.04609375 0.23046875
0 0.9765625 0.31328125 0.015625 0.33125000000000004
0 0.6800781250000001 0.107421875 0.02421875 0.21484375
0 0.6589843750000001 0.36250000000000004 0.02890625 0.29531250000000003
0 0.6589843750000001 0.54296875 0.01171875 0.0625
0 0.436328125 0.5140625 0.02421875 0.2078125
0 0.456640625 0.641796875 0.11953125 0.030468750000000003
0 0.7109375 0.609375 0.3125 0.08125
0 0.6019531250000001 0.197265625 0.11171875 0.02421875
0 0.7578125 0.19921875 0.1640625 0.08281250000000001
