0 0.70078125 0.248828125 0.028125 0.22421875000000002
0 0.93359375 0.054296875 0.015625 0.08359375000000001
0 0.9109375000000001 0.014453125 0.00625 0.02890625
0 0.529296875 0.1546875 0.03828125 0.309375
0 0.6359375 0.051953125 0.0125 0.09296875
0 0.6820312500000001 0.43125 0.015625 0.1078125
0 0.6859375000000001 0.71796875 0.0171875 0.09843750000000001
0 0.8718750000000001 0.6394531250000001 0.0328125 0.40234375
0 0.47265625 0.15859375 0.0390625 0.3171875
0 0.4890625 0.5457031250000001 0.0234375 0.44296875
0 0.49296875 0.8390625 0.0140625 0.1328125
0 0.43359375 0.87109375 0.015625 0.15937500000000002
0 0.521875 0.34492187500000004 0.3015625 0.07421875
0 0.846875 0.384375 0.3046875 0.021875000000000002
0 0.93515625 0.15195312500000002 0.009375000000000001 0.09453125000000001
0 0.5906250000000001 0.6492187500000001 0.029687500000000002 0.2546875
0 0.57578125 0.894140625 0.028125 0.21015625000000002
0 0.42265625 0.7761718750000001 0.11875000000000001 0.014843750000000001
0 0.5886718750000001 0.776953125 0.17734375000000002 0.03359375
0 0.77265625 0.812109375 0.1703125 0.08046875
0 0.890625 0.829296875 0.046875 0.030468750000000003
0 0.91171875 0.919921875 0.0125 0.15859375
0 0.954296875 0.698828125 0.08984375 0.025781250000000002
