0 0.693359375 0.18515625000000002 0.18671875000000002 0.05625
0 0.471484375 0.046484375 0.05390625 0.025781250000000002
0 0.581640625 0.02890625 0.14140625 0.0578125
0 0.503125 0.021875000000000002 0.009375000000000001 0.043750000000000004
0 0.484375 0.47265625 0.059375000000000004 0.8343750000000001
0 0.41914062500000004 0.9496093750000001 0.01640625 0.09921875000000001
0 0.5027343750000001 0.9609375 0.014843750000000001 0.0765625
0 0.5671875000000001 0.798046875 0.026562500000000003 0.21171875
0 0.666015625 0.763671875 0.025781250000000002 0.19296875000000002
0 0.49335937500000004 0.9070312500000001 0.30234375 0.053125000000000006
0 0.7195312500000001 0.96484375 0.13125 0.0625
0 0.648046875 0.96484375 0.013281250000000001 0.0671875
0 0.65 0.909765625 0.0140625 0.03359375
0 0.57578125 0.37148437500000003 0.028125 0.13515625
0 0.4421875 0.08750000000000001 0.010937500000000001 0.059375000000000004
0 0.434375 0.18906250000000002 0.021875000000000002 0.3671875
