0 0.67578125 0.295703125 0.2859375 0.05078125
0 0.58984375 0.702734375 0.43125 0.07578125000000001
0 0.5261718750000001 0.330859375 0.057031250000000006 0.66171875
0 0.6726562500000001 0.494921875 0.0390625 0.34765625
0 0.49609375 0.776953125 0.010937500000000001 0.07890625000000001
0 0.5007812500000001 0.8425781250000001 0.009375000000000001 0.047656250000000004
0 0.47421875 0.9148437500000001 0.0234375 0.16875
0 0.6511718750000001 0.8679687500000001 0.02421875 0.2625
0 0.435546875 0.8601562500000001 0.01640625 0.278125
0 0.44257812500000004 0.544921875 0.01640625 0.22734375
