0 0.513671875 0.143359375 0.017968750000000002 0.26953125
0 0.509765625 0.43359375 0.01640625 0.28125
0 0.503125 0.7230468750000001 0.015625 0.27890625
0 0.5007812500000001 0.9375 0.0140625 0.1234375
0 0.618359375 0.6640625 0.35234375 0.025
0 0.8234375 0.6980468750000001 0.07187500000000001 0.032031250000000004
0 0.804296875 0.5171875 0.10859375 0.03125
0 0.64453125 0.162890625 0.20468750000000002 0.05078125
0 0.5828125000000001 0.40156250000000004 0.028125 0.8031250000000001
0 0.5609375 0.839453125 0.025 0.31953125000000004
0 0.7406250000000001 0.32421875 0.0140625 0.16875
0 0.693359375 0.374609375 0.01953125 0.18046875
0 0.69921875 0.5320312500000001 0.0203125 0.0859375
0 0.7015625000000001 0.9632812500000001 0.0140625 0.07187500000000001
0 0.64765625 0.7734375 0.0125 0.1
