0 0.48281250000000003 0.41132812500000004 0.035937500000000004 0.46796875000000004
0 0.4921875 0.8265625000000001 0.018750000000000003 0.3453125
0 0.5734375 0.955078125 0.028125 0.08828125
0 0.67578125 0.37421875000000004 0.03125 0.3875
0 0.58828125 0.08515625 0.0234375 0.1703125
0 0.65390625 0.017968750000000002 0.015625 0.035937500000000004
0 0.6828125 0.794140625 0.19375 0.05859375
0 0.45234375000000004 0.56953125 0.0125 0.15781250000000002
0 0.43359375 0.6902343750000001 0.010937500000000001 0.05390625
0 0.466796875 0.653515625 0.047656250000000004 0.01953125
0 0.5847656250000001 0.6117187500000001 0.17109375000000002 0.0921875
0 0.73203125 0.551953125 0.1046875 0.01640625
0 0.6917968750000001 0.17265625 0.24296875 0.034375
0 0.47109375000000003 0.166796875 0.19375 0.025781250000000002
0 0.5769531250000001 0.7140625 0.032031250000000004 0.07968750000000001
0 0.44179687500000003 0.1390625 0.01953125 0.275
0 0.42812500000000003 0.641796875 0.026562500000000003 0.6820312500000001
