0 0.56015625 0.30859375 0.05 0.6171875
0 0.657421875 0.5007812500000001 0.041406250000000006 0.3203125
0 0.6996093750000001 0.14609375 0.025781250000000002 0.2921875
0 0.6761718750000001 0.905859375 0.01640625 0.18671875000000002
0 0.46132812500000003 0.90234375 0.022656250000000003 0.19375
0 0.587109375 0.80078125 0.43203125000000003 0.045312500000000006
0 0.48085937500000003 0.32265625000000003 0.02890625 0.6453125000000001
0 0.451171875 0.17734375000000002 0.022656250000000003 0.275
0 0.455078125 0.015234375000000001 0.01015625 0.030468750000000003
0 0.44296875 0.470703125 0.021875000000000002 0.28671875
0 0.431640625 0.7644531250000001 0.02109375 0.28828125
0 0.427734375 0.9636718750000001 0.014843750000000001 0.07109375
