0 0.58515625 0.082421875 0.0171875 0.13828125
0 0.552734375 0.29296875 0.03671875 0.553125
0 0.56796875 0.796484375 0.034375 0.40546875000000004
0 0.470703125 0.726171875 0.022656250000000003 0.25390625
0 0.46132812500000003 0.940625 0.017968750000000002 0.1171875
0 0.637890625 0.586328125 0.43046875 0.06015625
0 0.7210937500000001 0.032031250000000004 0.253125 0.06406250000000001
0 0.517578125 0.010546875 0.14921875 0.02109375
0 0.582421875 0.5066406250000001 0.013281250000000001 0.09453125000000001
0 0.7000000000000001 0.307421875 0.0125 0.07265625
0 0.645703125 0.7210937500000001 0.01171875 0.060937500000000006
0 0.6761718750000001 0.7917968750000001 0.014843750000000001 0.07890625000000001
0 0.696875 0.91796875 0.018750000000000003 0.12187500000000001
0 0.728515625 0.9183593750000001 0.013281250000000001 0.11015625000000001
0 0.591796875 0.95234375 0.013281250000000001 0.09375
0 0.496875 0.37148437500000003 0.021875000000000002 0.30078125
0 0.498046875 0.10117187500000001 0.017968750000000002 0.20234375000000002
