0 0.5234375 0.5457031250000001 0.045312500000000006 0.9070312500000001
0 0.61484375 0.45039062500000004 0.026562500000000003 0.34609375000000003
0 0.6953125 0.19296875000000002 0.0484375 0.1953125
0 0.567578125 0.13398437500000002 0.01015625 0.03515625
0 0.6878906250000001 0.0234375 0.00859375 0.046875
0 0.6843750000000001 0.966796875 0.278125 0.06484375
0 0.753515625 0.02421875 0.11796875000000001 0.0484375
0 0.6046875 0.08476562500000001 0.1703125 0.06953125
0 0.45820312500000004 0.076171875 0.11953125 0.032031250000000004
0 0.456640625 0.38984375000000004 0.013281250000000001 0.20468750000000002
0 0.44609375 0.9 0.0125 0.19375
0 0.677734375 0.41523437500000004 0.01171875 0.10859375
0 0.6218750000000001 0.23203125000000002 0.0078125 0.0859375
