0 0.58125 0.276171875 0.053125000000000006 0.55234375
0 0.73046875 0.6570312500000001 0.015625 0.0921875
0 0.7562500000000001 0.805859375 0.06406250000000001 0.022656250000000003
0 0.6890625 0.7734375 0.040625 0.018750000000000003
0 0.5847656250000001 0.7664062500000001 0.02734375 0.015625
0 0.526953125 0.6781250000000001 0.014843750000000001 0.325
0 0.46210937500000004 0.41835937500000003 0.02109375 0.31640625
0 0.47734375 0.115625 0.021875000000000002 0.23125
0 0.5320312500000001 0.9222656250000001 0.0171875 0.15078125
0 0.6976562500000001 0.9144531250000001 0.015625 0.16953125000000002
0 0.69921875 0.30078125 0.0140625 0.125
0 0.681640625 0.17109375000000002 0.00859375 0.0625
0 0.59375 0.32851562500000003 0.010937500000000001 0.10859375
0 0.6804687500000001 0.43828125 0.010937500000000001 0.078125
