0 0.49257812500000003 0.15781250000000002 0.03359375 0.31562500000000004
0 0.8390625 0.017578125 0.010937500000000001 0.03515625
0 0.93125 0.037500000000000006 0.0140625 0.07500000000000001
0 0.483984375 0.626953125 0.032031250000000004 0.53515625
0 0.51015625 0.40234375 0.0234375 0.0921875
0 0.4390625 0.32851562500000003 0.12187500000000001 0.055468750000000004
0 0.5875 0.8953125000000001 0.33125000000000004 0.0390625
0 0.702734375 0.95703125 0.014843750000000001 0.084375
0 0.584375 0.95703125 0.0171875 0.08281250000000001
0 0.589453125 0.7332031250000001 0.03671875 0.27109375
0 0.48125 0.9546875 0.0234375 0.0890625
0 0.503125 0.9554687500000001 0.0203125 0.08750000000000001
0 0.9625 0.296484375 0.07187500000000001 0.02109375
0 0.413671875 0.70859375 0.02421875 0.27968750000000003
