0 0.534375 0.5183593750000001 0.0328125 0.33671875
0 0.500390625 0.810546875 0.039843750000000004 0.37734375000000003
0 0.809765625 0.148046875 0.017968750000000002 0.29140625000000003
0 0.8234375 0.5375 0.045312500000000006 0.478125
0 0.9390625 0.562890625 0.0171875 0.44140625
0 0.5710937500000001 0.027734375000000002 0.0140625 0.055468750000000004
0 0.5125000000000001 0.173828125 0.0171875 0.10078125
0 0.673828125 0.39101562500000003 0.014843750000000001 0.07734375
0 0.68125 0.3140625 0.6296875000000001 0.07968750000000001
0 0.51171875 0.257421875 0.0125 0.049218750000000006
