0 0.58125 0.5476562500000001 0.025 0.1875
0 0.761328125 0.378515625 0.02109375 0.13046875
0 0.6628906250000001 0.576171875 0.022656250000000003 0.23671875
0 0.665625 0.847265625 0.034375 0.30390625000000004
0 0.7265625 0.8523437500000001 0.096875 0.0328125
0 0.5140625 0.41523437500000004 0.1796875 0.08984375
2 0.740234375 0.44960937500000003 0.15390625000000002 0.02109375
0 0.609375 0.675 0.08125 0.0484375
0 0.51328125 0.677734375 0.1203125 0.05234375
0 0.431640625 0.6761718750000001 0.047656250000000004 0.04609375
0 0.35625 0.44960937500000003 0.07500000000000001 0.039843750000000004
0 0.41250000000000003 0.1859375 0.034375 0.36250000000000004
0 0.4453125 0.310546875 0.029687500000000002 0.01953125
0 0.43671875000000004 0.8503906250000001 0.028125 0.29765625
0 0.6125 0.9085937500000001 0.0171875 0.1234375
0 0.52265625 0.958984375 0.140625 0.041406250000000006
0 0.778515625 0.675 0.039843750000000004 0.44062500000000004
0 0.7601562500000001 0.92109375 0.046875 0.0484375
0 0.6273437500000001 0.45859375 0.060937500000000006 0.029687500000000002
