0 0.673828125 0.14921875 0.03828125 0.2984375
0 0.771484375 0.139453125 0.02734375 0.27890625
0 0.708984375 0.41132812500000004 0.05078125 0.19765625
0 0.755078125 0.64609375 0.05234375 0.70625
0 0.533203125 0.8187500000000001 0.030468750000000003 0.3609375
0 0.38984375000000004 0.8792968750000001 0.03125 0.19140625
0 0.38359375 0.605078125 0.021875000000000002 0.32421875
0 0.39453125 0.255078125 0.015625 0.32578125
0 0.3953125 0.032031250000000004 0.009375000000000001 0.06406250000000001
0 0.501171875 0.36015625 0.09453125000000001 0.053125000000000006
0 0.6203125 0.338671875 0.125 0.07265625
0 0.544921875 0.41054687500000003 0.013281250000000001 0.055468750000000004
0 0.52578125 0.5769531250000001 0.0203125 0.10234375000000001
0 0.7582031250000001 0.288671875 0.13515625 0.03515625
