0 0.5222656250000001 0.5300781250000001 0.041406250000000006 0.78515625
0 0.39296875000000003 0.58125 0.0140625 0.0921875
0 0.38203125000000004 0.770703125 0.0203125 0.26484375
0 0.38125000000000003 0.972265625 0.029687500000000002 0.03828125
0 0.7421875 0.499609375 0.035937500000000004 0.99921875
0 0.579296875 0.5476562500000001 0.50390625 0.0703125
0 0.388671875 0.39882812500000003 0.032031250000000004 0.22890625
0 0.37617187500000004 0.13593750000000002 0.01953125 0.27187500000000003
0 0.47773437500000004 0.9167968750000001 0.01640625 0.16484375
0 0.4578125 0.341796875 0.0140625 0.09609375
0 0.658203125 0.640234375 0.01640625 0.12109375
