0 0.7308593750000001 0.6117187500000001 0.049218750000000006 0.775
0 0.675390625 0.26015625000000003 0.00859375 0.096875
0 0.669140625 0.6765625000000001 0.01640625 0.23125
0 0.6609375000000001 0.8597656250000001 0.004687500000000001 0.10234375000000001
0 0.720703125 0.09453125000000001 0.017968750000000002 0.18906250000000002
0 0.42031250000000003 0.1234375 0.0203125 0.246875
0 0.583203125 0.09843750000000001 0.017968750000000002 0.19687500000000002
0 0.4421875 0.4734375 0.026562500000000003 0.4421875
0 0.47773437500000004 0.7996093750000001 0.025781250000000002 0.39140625
0 0.581640625 0.31757812500000004 0.014843750000000001 0.14296875
0 0.582421875 0.47265625 0.013281250000000001 0.1234375
0 0.404296875 0.37031250000000004 0.039843750000000004 0.0203125
0 0.47968750000000004 0.361328125 0.045312500000000006 0.022656250000000003
0 0.48046875 0.47500000000000003 0.046875 0.009375000000000001
0 0.5847656250000001 0.6355468750000001 0.01640625 0.18203125
0 0.5671875000000001 0.22382812500000002 0.4890625 0.08046875
