0 0.467578125 0.681640625 0.01953125 0.6351562500000001
0 0.6605468750000001 0.8660156250000001 0.032031250000000004 0.26640625
0 0.7445312500000001 0.36484375 0.035937500000000004 0.7296875
0 0.508984375 0.23671875 0.03515625 0.46875
0 0.41054687500000003 0.547265625 0.09921875000000001 0.11328125
0 0.37148437500000003 0.276171875 0.032031250000000004 0.42578125
0 0.38789062500000004 0.026171875 0.01171875 0.05234375
0 0.6472656250000001 0.19375 0.017968750000000002 0.1921875
0 0.5890625 0.9703125 0.0125 0.0578125
0 0.56875 0.08671875000000001 0.5171875 0.05625
0 0.649609375 0.732421875 0.34296875000000004 0.05078125
