0 0.404296875 0.390234375 0.03671875 0.78046875
0 0.471484375 0.09375 0.01640625 0.1875
0 0.8109375000000001 0.10507812500000001 0.015625 0.21015625000000002
0 0.9187500000000001 0.21835937500000002 0.0171875 0.24609375
0 0.9339843750000001 0.76484375 0.02734375 0.43593750000000003
0 0.474609375 0.878515625 0.013281250000000001 0.10234375000000001
0 0.487109375 0.96875 0.017968750000000002 0.060937500000000006
0 0.513671875 0.884375 0.02890625 0.2015625
0 0.542578125 0.718359375 0.02109375 0.05859375
0 0.5546875 0.5437500000000001 0.0171875 0.08281250000000001
0 0.48984375 0.55625 0.010937500000000001 0.1625
0 0.8519531250000001 0.32929687500000004 0.01171875 0.057031250000000006
0 0.917578125 0.50390625 0.03671875 0.096875
0 0.48984375 0.37617187500000004 0.084375 0.07578125000000001
0 0.48984375 0.43281250000000004 0.11406250000000001 0.0421875
0 0.7035156250000001 0.41015625 0.30390625000000004 0.09843750000000001
0 0.904296875 0.40859375000000003 0.08671875000000001 0.0921875
0 0.971875 0.463671875 0.0546875 0.02421875
0 0.47968750000000004 0.46328125000000003 0.096875 0.029687500000000002
