0 0.653515625 0.6875 0.02109375 0.29531250000000003
0 0.60703125 0.8421875000000001 0.28125 0.0546875
0 0.835546875 0.4921875 0.03515625 0.375
0 0.91015625 0.27968750000000003 0.05 0.2734375
0 0.9710937500000001 0.174609375 0.05625 0.02109375
0 0.899609375 0.044921875 0.03828125 0.08984375
0 0.43593750000000003 0.26406250000000003 0.043750000000000004 0.5281250000000001
0 0.40351562500000004 0.7449218750000001 0.017968750000000002 0.39140625
0 0.531640625 0.9656250000000001 0.17265625 0.0171875
0 0.50546875 0.9875 0.0421875 0.0234375
0 0.5796875 0.9890625000000001 0.065625 0.0125
