0 0.491015625 0.2921875 0.11015625000000001 0.029687500000000002
0 0.611328125 0.17890625000000002 0.041406250000000006 0.015625
0 0.776953125 0.26484375 0.03828125 0.5296875
0 0.57421875 0.37109375 0.0421875 0.7421875
0 0.572265625 0.816015625 0.02890625 0.13984375000000002
0 0.543359375 0.8050781250000001 0.025781250000000002 0.11328125
0 0.66171875 0.939453125 0.33125000000000004 0.07734375
0 0.5671875000000001 0.8894531250000001 0.078125 0.041406250000000006
0 0.423828125 0.8828125 0.20546875 0.0421875
0 0.36328125 0.36640625000000004 0.0171875 0.259375
0 0.43984375000000003 0.38203125000000004 0.0171875 0.1375
