0 0.68671875 0.508203125 0.025 0.26015625000000003
0 0.94453125 0.5066406250000001 0.028125 0.32109375
0 0.9015625 0.2109375 0.035937500000000004 0.1625
0 0.923828125 0.067578125 0.02421875 0.13515625
0 0.505078125 0.06796875000000001 0.025781250000000002 0.13593750000000002
0 0.46484375 0.042578125 0.0140625 0.08515625
0 0.46992187500000004 0.19101562500000002 0.03359375 0.18359375
0 0.403125 0.429296875 0.026562500000000003 0.59140625
0 0.46601562500000004 0.47773437500000004 0.03359375 0.36171875000000003
0 0.54921875 0.31093750000000003 0.28750000000000003 0.078125
0 0.75390625 0.358984375 0.1078125 0.057031250000000006
0 0.728125 0.25234375000000003 0.059375000000000004 0.16562500000000002
0 0.89609375 0.362890625 0.0421875 0.04296875
0 0.9640625 0.30859375 0.021875000000000002 0.015625
0 0.977734375 0.669921875 0.04296875 0.01953125
0 0.8812500000000001 0.7820312500000001 0.146875 0.2171875
0 0.9398437500000001 0.927734375 0.009375000000000001 0.08203125
0 0.5140625 0.950390625 0.0125 0.09765625
0 0.55390625 0.8500000000000001 0.50625 0.1203125
0 0.8738281250000001 0.903515625 0.11640625 0.01953125
0 0.851171875 0.9554687500000001 0.01640625 0.07968750000000001
0 0.696484375 0.9226562500000001 0.013281250000000001 0.029687500000000002
