0 0.44960937500000003 0.1390625 0.10703125000000001 0.0765625
0 0.696875 0.255859375 0.6015625 0.20390625
0 0.57578125 0.6960937500000001 0.4609375 0.06875
0 0.962109375 0.6355468750000001 0.07421875 0.02890625
0 0.9671875000000001 0.8140625 0.06406250000000001 0.025
0 0.919921875 0.6726562500000001 0.03359375 0.2890625
0 0.900390625 0.908203125 0.06015625 0.18203125
0 0.9480468750000001 0.916015625 0.022656250000000003 0.16640625
0 0.96015625 0.671875 0.043750000000000004 0.0390625
0 0.4421875 0.94140625 0.07968750000000001 0.115625
0 0.844921875 0.012890625000000001 0.00859375 0.025781250000000002
0 0.8656250000000001 0.43359375 0.0203125 0.1609375
