0 0.479296875 0.8953125000000001 0.057031250000000006 0.07187500000000001
0 0.41835937500000003 0.700390625 0.025781250000000002 0.58046875
0 0.440234375 0.300390625 0.06953125 0.27578125000000003
0 0.9417968750000001 0.234765625 0.013281250000000001 0.17890625000000002
0 0.9246093750000001 0.7371093750000001 0.017968750000000002 0.5242187500000001
0 0.90234375 0.4 0.0078125 0.046875
0 0.9226562500000001 0.041796875000000004 0.015625 0.08359375000000001
0 0.942578125 0.087109375 0.10703125000000001 0.039843750000000004
0 0.93515625 0.34218750000000003 0.125 0.05
0 0.876953125 0.215234375 0.047656250000000004 0.23046875
0 0.96484375 0.6609375000000001 0.06875 0.0171875
0 0.968359375 0.9320312500000001 0.06171875 0.0234375
0 0.4546875 0.9871093750000001 0.084375 0.02421875
0 0.4734375 0.44296875 0.078125 0.018750000000000003
