0 0.8187500000000001 0.064453125 0.0734375 0.047656250000000004
0 0.559765625 0.5320312500000001 0.57734375 0.1875
0 0.9246093750000001 0.41445312500000003 0.14921875 0.07578125000000001
0 0.8558593750000001 0.56640625 0.08984375 0.1125
0 0.92734375 0.632421875 0.14375000000000002 0.06015625
0 0.35468750000000004 0.28203125 0.03125 0.30625
0 0.944921875 0.09375 0.10859375 0.028125
0 0.7816406250000001 0.8390625 0.02421875 0.2234375
0 0.8503906250000001 0.8363281250000001 0.02421875 0.32578125
0 0.32578125 0.142578125 0.0328125 0.28359375000000003
0 0.35976562500000003 0.802734375 0.025781250000000002 0.32578125
