0 0.4625 0.48203125 0.03125 0.5125000000000001
0 0.43593750000000003 0.8972656250000001 0.028125 0.20390625
0 0.79296875 0.35078125000000004 0.05 0.7015625000000001
0 0.7347656250000001 0.521875 0.01953125 0.290625
0 0.735546875 0.8285156250000001 0.022656250000000003 0.28671875
0 0.794921875 0.8695312500000001 0.032031250000000004 0.259375
0 0.8441406250000001 0.71015625 0.29921875000000003 0.07968750000000001
0 0.517578125 0.6902343750000001 0.09921875000000001 0.13515625
0 0.325 0.860546875 0.1921875 0.13828125
0 0.4453125 0.769140625 0.051562500000000004 0.04296875
0 0.36054687500000004 0.262890625 0.03359375 0.52578125
0 0.284375 0.041015625 0.0203125 0.08203125
0 0.751171875 0.166015625 0.03359375 0.01171875
