0 0.456640625 0.42226562500000003 0.66953125 0.14921875
0 0.80390625 0.17265625 0.028125 0.3453125
0 0.823828125 0.48046875 0.07421875 0.2234375
0 0.90625 0.575390625 0.06406250000000001 0.09609375
0 0.6640625 0.559765625 0.2421875 0.07734375
3 0.7875000000000001 0.6625000000000001 0.043750000000000004 0.125
3 0.8363281250000001 0.7230468750000001 0.06484375 0.05859375
0 0.875 0.71015625 0.059375000000000004 0.13593750000000002
0 0.792578125 0.8757812500000001 0.014843750000000001 0.246875
0 0.7140625 0.80234375 0.0140625 0.1
0 0.67578125 0.8734375000000001 0.0765625 0.05
0 0.831640625 0.60546875 0.055468750000000004 0.028125
0 0.934765625 0.6316406250000001 0.12578125 0.025781250000000002
