0 0.671484375 0.964453125 0.65546875 0.06953125
0 0.7445312500000001 0.577734375 0.0390625 0.6960937500000001
0 0.7875000000000001 0.34023437500000003 0.0203125 0.20703125
0 0.43789062500000003 0.06328125 0.35390625000000003 0.0703125
0 0.260546875 0.01640625 0.10390625 0.0328125
0 0.74375 0.071484375 0.065625 0.01953125
0 0.74375 0.182421875 0.05625 0.04296875
0 0.8914062500000001 0.23945312500000002 0.1859375 0.047656250000000004
0 0.8671875 0.44765625000000003 0.2484375 0.037500000000000006
0 0.238671875 0.798828125 0.04453125 0.40078125000000003
0 0.142578125 0.730078125 0.14453125 0.03828125
0 0.67109375 0.7984375 0.0390625 0.0546875
0 0.434375 0.6890625 0.0234375 0.19375
0 0.466796875 0.401171875 0.030468750000000003 0.33828125000000003
0 0.575390625 0.292578125 0.017968750000000002 0.10859375
0 0.24765625000000002 0.13593750000000002 0.021875000000000002 0.13593750000000002
0 0.26210937500000003 0.28554687500000003 0.01953125 0.11796875000000001
0 0.041406250000000006 0.921484375 0.08281250000000001 0.022656250000000003
0 0.737890625 0.11484375000000001 0.01171875 0.0703125
