0 0.524609375 0.059375000000000004 0.06640625 0.05625
0 0.5769531250000001 0.065625 0.04609375 0.11406250000000001
0 0.6292968750000001 0.17734375000000002 0.08203125 0.1015625
0 0.503125 0.40546875000000004 0.3140625 0.11875000000000001
0 0.6609375000000001 0.6984375 0.060937500000000006 0.6015625
0 0.369921875 0.8601562500000001 0.04609375 0.278125
0 0.8382812500000001 0.550390625 0.035937500000000004 0.07265625
0 0.8515625 0.6492187500000001 0.0140625 0.08125
0 0.800390625 0.857421875 0.08515625 0.022656250000000003
0 0.720703125 0.7855468750000001 0.057031250000000006 0.041406250000000006
0 0.593359375 0.766796875 0.07109375 0.022656250000000003
0 0.46796875000000004 0.8953125000000001 0.029687500000000002 0.2078125
