3 0.65 0.11484375000000001 0.31875000000000003 0.0765625
0 0.587890625 0.270703125 0.02109375 0.24921875000000002
0 0.47695312500000003 0.059765625 0.03359375 0.11953125
0 0.384375 0.119140625 0.14375000000000002 0.039843750000000004
0 0.3375 0.6218750000000001 0.15781250000000002 0.018750000000000003
0 0.46796875000000004 0.35859375000000004 0.053125000000000006 0.47968750000000004
3 0.43593750000000003 0.62890625 0.035937500000000004 0.05
3 0.48750000000000004 0.757421875 0.15625 0.06171875
0 0.563671875 0.774609375 0.02734375 0.17109375000000002
0 0.46640625 0.69296875 0.0390625 0.06875
0 0.455859375 0.88828125 0.041406250000000006 0.22187500000000002
