0 0.44062500000000004 0.42695312500000004 0.11875000000000001 0.71640625
0 0.475390625 0.9300781250000001 0.02734375 0.13828125
3 0.70859375 0.839453125 0.4265625 0.06171875
0 0.5906250000000001 0.93515625 0.0203125 0.12812500000000002
3 0.43593750000000003 0.839453125 0.11093750000000001 0.041406250000000006
0 0.33359375 0.8324218750000001 0.1046875 0.025781250000000002
2 0.30625 0.06640625 0.1328125 0.0171875
3 0.593359375 0.05234375 0.40859375000000003 0.060937500000000006
2 0.876953125 0.07109375 0.15234375 0.021875000000000002
0 0.41835937500000003 0.012890625000000001 0.022656250000000003 0.025781250000000002
