0 0.125 0.90546875 0.2421875 0.034375
0 0.386328125 0.868359375 0.25859375 0.06015625
0 0.6605468750000001 0.779296875 0.12734375 0.06171875
0 0.7484375000000001 0.7191406250000001 0.1796875 0.041406250000000006
2 0.921484375 0.6359375 0.15546875000000002 0.040625
0 0.884375 0.34023437500000003 0.08750000000000001 0.013281250000000001
0 0.12265625000000001 0.44062500000000004 0.24531250000000002 0.028125
0 0.126953125 0.013281250000000001 0.25390625 0.026562500000000003
0 0.25429687500000003 0.501171875 0.014843750000000001 0.99609375
0 0.841015625 0.49765625 0.02421875 0.9953125
