0 0.12812500000000002 0.263671875 0.2546875 0.03671875
0 0.49843750000000003 0.2015625 0.46718750000000003 0.1375
0 0.7515625 0.098828125 0.17343750000000002 0.02734375
2 0.925 0.030468750000000003 0.1484375 0.045312500000000006
0 0.848828125 0.208984375 0.014843750000000001 0.41015625
0 0.851171875 0.8296875 0.014843750000000001 0.33906250000000004
0 0.93359375 0.919921875 0.1296875 0.03671875
0 0.866796875 0.921875 0.014843750000000001 0.1546875
0 0.874609375 0.440234375 0.04296875 0.01171875
0 0.983984375 0.41718750000000004 0.030468750000000003 0.0125
0 0.255859375 0.482421875 0.017968750000000002 0.9632812500000001
2 0.125390625 0.8894531250000001 0.24765625000000002 0.022656250000000003
