0 0.309375 0.25078125 0.015625 0.5015625
0 0.272265625 0.225 0.013281250000000001 0.45
0 0.026562500000000003 0.31093750000000003 0.053125000000000006 0.053125000000000006
0 0.031640625 0.234375 0.06328125 0.08750000000000001
0 0.022656250000000003 0.12812500000000002 0.045312500000000006 0.059375000000000004
0 0.026562500000000003 0.05390625 0.053125000000000006 0.05
0 0.064453125 0.29921875000000003 0.01015625 0.0546875
0 0.19140625 0.333984375 0.0140625 0.06640625
2 0.03671875 0.571875 0.0734375 0.0125
2 0.03671875 0.6136718750000001 0.07187500000000001 0.017968750000000002
0 0.41484375 0.45546875000000003 0.19062500000000002 0.15625
0 0.58984375 0.362109375 0.14375000000000002 0.04453125
0 0.758984375 0.328125 0.06484375 0.015625
0 0.59609375 0.170703125 0.015625 0.34140625
