0 0.27968750000000003 0.491015625 0.028125 0.39140625
0 0.2390625 0.921484375 0.0140625 0.15546875000000002
0 0.8296875 0.89765625 0.0234375 0.203125
0 0.805859375 0.5300781250000001 0.032031250000000004 0.93671875
0 0.766796875 0.32148437500000004 0.04609375 0.55859375
0 0.8812500000000001 0.19257812500000002 0.1125 0.03359375
0 0.27578125000000003 0.273046875 0.3828125 0.07109375
0 0.16914062500000002 0.62890625 0.14453125 0.2015625
0 0.20703125 0.8367187500000001 0.2578125 0.0234375
0 0.466796875 0.9457031250000001 0.12734375 0.02421875
0 0.34765625 0.9222656250000001 0.035937500000000004 0.15390625000000002
