2 0.526953125 0.51796875 0.10703125000000001 0.0203125
0 0.265234375 0.52578125 0.01953125 0.4734375
0 0.22265625 0.5261718750000001 0.05625 0.47734375
0 0.25625000000000003 0.195703125 0.03125 0.16640625
0 0.267578125 0.053125000000000006 0.01640625 0.10625000000000001
2 0.397265625 0.12734375 0.25234375000000003 0.0484375
0 0.17578125 0.060546875 0.1640625 0.017968750000000002
0 0.55703125 0.08164062500000001 0.0625 0.11640625
0 0.6371093750000001 0.26640625 0.09765625 0.39687500000000003
0 0.1328125 0.294921875 0.1203125 0.02421875
0 0.078125 0.405859375 0.0125 0.19921875
0 0.08281250000000001 0.06640625 0.018750000000000003 0.1328125
0 0.0578125 0.049218750000000006 0.0328125 0.028125
0 0.4296875 0.51796875 0.078125 0.015625
2 0.23359375000000002 0.283203125 0.08281250000000001 0.01171875
