2 0.39179687500000004 0.74765625 0.26484375 0.037500000000000006
0 0.5546875 0.693359375 0.053125000000000006 0.11484375000000001
0 0.6273437500000001 0.8406250000000001 0.09062500000000001 0.3171875
0 0.43867187500000004 0.09921875000000001 0.017968750000000002 0.19843750000000002
0 0.26328125 0.451953125 0.0484375 0.90390625
0 0.232421875 0.9578125000000001 0.014843750000000001 0.08281250000000001
0 0.261328125 0.9574218750000001 0.01015625 0.08359375000000001
0 0.166796875 0.9207031250000001 0.20078125000000002 0.02421875
0 0.071484375 0.966015625 0.013281250000000001 0.06640625
0 0.146875 0.6781250000000001 0.21406250000000002 0.028125
0 0.07773437500000001 0.6375000000000001 0.01015625 0.051562500000000004
0 0.08046875 0.73203125 0.0140625 0.06875
0 0.191796875 0.10703125000000001 0.09765625 0.0546875
0 0.358203125 0.12578125 0.14765625000000002 0.0390625
0 0.520703125 0.113671875 0.15390625000000002 0.03828125
0 0.7566406250000001 0.068359375 0.07265625 0.01640625
0 0.9050781250000001 0.06601562500000001 0.14765625000000002 0.032031250000000004
2 0.359375 0.19453125000000002 0.15000000000000002 0.0203125
