0 0.16132812500000002 0.5535156250000001 0.13203125000000002 0.06953125
0 0.17578125 0.369921875 0.12812500000000002 0.047656250000000004
0 0.229296875 0.6941406250000001 0.041406250000000006 0.6023437500000001
0 0.4765625 0.5496093750000001 0.1640625 0.03515625
0 0.32148437500000004 0.5652343750000001 0.15390625000000002 0.03671875
0 0.716796875 0.501171875 0.07265625 0.01953125
0 0.8625 0.5027343750000001 0.15156250000000002 0.03671875
0 0.225390625 0.06953125 0.025781250000000002 0.1390625
2 0.319140625 0.373828125 0.15390625000000002 0.025781250000000002
2 0.3171875 0.634765625 0.1625 0.02109375
0 0.39492187500000003 0.603515625 0.00859375 0.049218750000000006
0 0.39765625000000004 0.451953125 0.0125 0.15703125
0 0.298828125 0.351171875 0.01171875 0.04453125
0 0.345703125 0.3375 0.01015625 0.08125
2 0.321875 0.33125000000000004 0.040625 0.0125
0 0.82578125 0.099609375 0.026562500000000003 0.19765625
