0 0.373046875 0.34296875000000004 0.01640625 0.1484375
0 0.21640625000000002 0.3828125 0.053125000000000006 0.765625
2 0.151171875 0.46210937500000004 0.09453125000000001 0.02734375
0 0.817578125 0.144921875 0.02109375 0.19453125000000002
0 0.7359375 0.078125 0.0171875 0.15625
0 0.809765625 0.586328125 0.02421875 0.46953125
0 0.27382812500000003 0.98046875 0.00859375 0.037500000000000006
0 0.321875 0.96484375 0.010937500000000001 0.06875
2 0.29375 0.962109375 0.045312500000000006 0.014843750000000001
0 0.15351562500000002 0.99140625 0.12578125 0.015625
