0 0.347265625 0.46484375 0.03515625 0.5328125
0 0.1703125 0.919921875 0.015625 0.15859375
0 0.37812500000000004 0.10039062500000001 0.0140625 0.20078125000000002
0 0.22773437500000002 0.16171875000000002 0.01640625 0.0734375
0 0.33828125000000003 0.16523437500000002 0.0078125 0.06796875000000001
2 0.30585937500000004 0.127734375 0.14140625 0.014843750000000001
2 0.302734375 0.198046875 0.14609375 0.017968750000000002
2 0.455078125 0.1875 0.13828125 0.029687500000000002
0 0.176171875 0.158203125 0.09296875 0.03671875
0 0.15390625000000002 0.8250000000000001 0.09375 0.03125
