0 0.369375 0.5593333333333333 0.06425 0.8806666666666666
0 0.446125 0.6731666666666667 0.08225 0.043666666666666666
0 0.3125 0.724 0.0665 0.014
0 0.514625 0.056499999999999995 0.04075 0.10766666666666666
2 0.663875 0.0655 0.17025 0.024333333333333332
2 0.839125 0.6655 0.18675 0.017666666666666667
0 0.9586250000000001 0.5356666666666666 0.03725 0.34199999999999997
0 0.5483750000000001 0.8206666666666667 0.04925 0.12
0 0.63975 0.9545 0.032 0.09033333333333333
0 0.277125 0.08833333333333333 0.05575 0.038
0 0.435875 0.06716666666666667 0.11575 0.04633333333333333
0 0.30675 0.6353333333333333 0.063 0.028
1 0.34650000000000003 0.056499999999999995 0.0585 0.10566666666666666
1 0.55825 0.06283333333333332 0.038 0.07433333333333333
0 0.9067500000000001 0.7503333333333333 0.058 0.10866666666666666
2 0.504625 0.8971666666666667 0.47375 0.028999999999999998
2 0.38925 0.5445 0.2335 0.028999999999999998
2 0.701125 0.5251666666666667 0.09025 0.018333333333333333
0 0.7445 0.6138333333333333 0.0165 0.7716666666666666
0 0.959875 0.3208333333333333 0.02825 0.08633333333333333
0 0.49562500000000004 0.501 0.01975 0.9973333333333333
