0 0.27187500000000003 0.2565 0.04775 0.4923333333333333
0 0.542625 0.4998333333333333 0.05775 0.9996666666666666
0 0.295125 0.7668333333333333 0.04725 0.4656666666666667
0 0.32175 0.03783333333333333 0.045 0.019
0 0.214625 0.03083333333333333 0.059250000000000004 0.025666666666666667
0 0.540875 0.3453333333333333 0.25375000000000003 0.04066666666666666
2 0.279625 0.323 0.24625 0.020666666666666667
0 0.284875 0.5136666666666666 0.24425 0.056666666666666664
0 0.532375 0.5303333333333333 0.24625 0.09133333333333334
2 0.29 0.7015 0.2245 0.023
0 0.41175 0.501 0.017 0.9973333333333333
2 0.541375 0.30366666666666664 0.23675000000000002 0.030666666666666665
2 0.539625 0.6866666666666666 0.23875000000000002 0.020666666666666667
0 0.35875 0.6023333333333333 0.091 0.041999999999999996
0 0.23175 0.5625 0.0985 0.027666666666666666
