0 0.38525 0.08816666666666666 0.0275 0.17099999999999999
0 0.58325 0.07983333333333333 0.038 0.145
0 0.932875 0.06799999999999999 0.05725 0.12266666666666666
0 0.66425 0.3723333333333333 0.0225 0.3313333333333333
0 0.6521250000000001 0.8251666666666666 0.04425 0.29033333333333333
0 0.72975 0.9461666666666666 0.115 0.041
0 0.3275 0.6431666666666667 0.0735 0.043
0 0.32225 0.33766666666666667 0.0675 0.02333333333333333
0 0.47525 0.3248333333333333 0.1015 0.031
1 0.604375 0.5519999999999999 0.07025 0.03266666666666666
2 0.535375 0.17816666666666667 0.48775 0.028333333333333332
2 0.442375 0.5578333333333333 0.24325 0.015666666666666666
2 0.7378750000000001 0.5466666666666666 0.07325 0.014666666666666666
2 0.542625 0.9169999999999999 0.46075 0.034666666666666665
0 0.529375 0.5006666666666667 0.00975 0.998
1 0.68125 0.5519999999999999 0.041 0.024
0 0.784125 0.13999999999999999 0.010750000000000001 0.27066666666666667
1 0.4955 0.6131666666666666 0.0665 0.030333333333333334
0 0.397125 0.263 0.01975 0.14333333333333334
0 0.394125 0.4485 0.02025 0.225
1 0.405375 0.6366666666666666 0.03075 0.035333333333333335
0 0.399625 0.7765 0.025750000000000002 0.2723333333333333
1 0.39875 0.9633333333333333 0.022 0.06999999999999999
