0 0.3655 0.504 0.0465 0.9913333333333333
0 0.31375000000000003 0.45899999999999996 0.0685 0.019333333333333334
0 0.44175000000000003 0.4245 0.106 0.051
0 0.446 0.7703333333333333 0.105 0.030666666666666665
0 0.316125 0.7865 0.05625 0.034333333333333334
0 0.637625 0.8126666666666666 0.03075 0.35133333333333333
0 0.566625 0.445 0.03925 0.376
0 0.533375 0.45699999999999996 0.03775 0.024
0 0.53125 0.5946666666666667 0.0505 0.02
0 0.563625 0.12883333333333333 0.02075 0.25766666666666665
2 0.516875 0.2658333333333333 0.48125 0.039
2 0.50725 0.6353333333333333 0.47400000000000003 0.034666666666666665
0 0.50375 0.501 0.015 0.9973333333333333
1 0.650625 0.9924999999999999 0.05525 0.014333333333333333
2 0.7136250000000001 0.9846666666666666 0.05475 0.015333333333333332
0 0.75325 0.36916666666666664 0.0095 0.7263333333333333
0 0.83475 0.40199999999999997 0.183 0.030666666666666665
0 0.90375 0.5208333333333334 0.0905 0.177
0 0.96975 0.264 0.043500000000000004 0.346
