0 0.2195 0.13599999999999998 0.026000000000000002 0.26666666666666666
0 0.486875 0.47883333333333333 0.03375 0.9503333333333333
0 0.459 0.9721666666666666 0.212 0.055
0 0.4185 0.8554999999999999 0.1365 0.043
0 0.47175 0.6575 0.242 0.050333333333333334
0 0.413375 0.5246666666666666 0.12575 0.038
2 0.478625 0.2743333333333333 0.25275000000000003 0.022
2 0.23175 0.2846666666666667 0.23800000000000002 0.022666666666666665
2 0.35625 0.7254999999999999 0.4665 0.030333333333333334
1 0.165625 0.8109999999999999 0.05075 0.066
0 0.28400000000000003 0.7955 0.08750000000000001 0.08633333333333333
0 0.29975 0.8861666666666667 0.08 0.05233333333333333
0 0.228875 0.445 0.23625000000000002 0.03266666666666666
0 0.350375 0.5016666666666667 0.01325 0.996
1 0.237125 0.8896666666666666 0.03675 0.07933333333333333
0 0.2415 0.965 0.019 0.06933333333333333
0 0.22162500000000002 0.3675 0.02725 0.141
0 0.224875 0.585 0.02925 0.268
0 0.235375 0.7935 0.01875 0.11766666666666667
0 0.213 0.8373333333333333 0.041 0.03133333333333333
