0 0.179375 0.504 0.06575 0.9913333333333333
0 0.477875 0.06316666666666666 0.05225 0.08299999999999999
0 0.382875 0.896 0.01975 0.20733333333333331
0 0.5165 0.7211666666666666 0.1 0.034999999999999996
0 0.33225 0.7201666666666666 0.051500000000000004 0.037
0 0.37325 0.629 0.026000000000000002 0.24066666666666667
0 0.24425 0.4468333333333333 0.1075 0.025666666666666667
3 0.35975 0.03083333333333333 0.1165 0.04833333333333333
0 0.313875 0.1425 0.029750000000000002 0.16366666666666665
2 0.192125 0.035333333333333335 0.20625000000000002 0.022
0 0.226375 0.7264999999999999 0.021750000000000002 0.5463333333333333
0 0.377 0.781 0.1345 0.06
1 0.234125 0.8045 0.13175 0.06233333333333333
2 0.329 0.5105 0.427 0.034999999999999996
0 0.123625 0.7693333333333333 0.04875 0.04
0 0.556 0.48783333333333334 0.0105 0.6076666666666667
0 0.30125 0.5085 0.016 0.9823333333333333
0 0.23625000000000002 0.2435 0.1065 0.020999999999999998
2 0.4885 0.029666666666666664 0.133 0.020666666666666667
0 0.387125 0.09733333333333333 0.11975000000000001 0.03133333333333333
0 0.449 0.424 0.031 0.6346666666666666
0 0.45375 0.8733333333333333 0.017 0.25266666666666665
0 0.41875 0.8403333333333333 0.065 0.02333333333333333
0 0.34525 0.8573333333333333 0.0745 0.041999999999999996
0 0.40225 0.713 0.064 0.015333333333333332
3 0.44875 0.7463333333333333 0.0335 0.06799999999999999
0 0.2645 0.6859999999999999 0.059500000000000004 0.022
