0 0.177875 0.16316666666666665 0.025750000000000002 0.315
0 0.163875 0.8538333333333333 0.03825 0.29166666666666663
0 0.42075 0.102 0.027 0.19533333333333333
0 0.437875 0.8818333333333334 0.02025 0.23566666666666666
0 0.3745 0.7571666666666667 0.1045 0.023666666666666666
0 0.336875 0.629 0.11375 0.06
0 0.21925 0.4701666666666667 0.1215 0.03766666666666667
0 0.184 0.3456666666666667 0.1895 0.024666666666666667
0 0.477125 0.5138333333333334 0.10325000000000001 0.05633333333333333
0 0.3035 0.7986666666666666 0.0345 0.16333333333333333
1 0.34225 0.6945 0.10200000000000001 0.061
2 0.307875 0.2155 0.45375 0.024999999999999998
0 0.225125 0.8971666666666667 0.10625 0.022333333333333334
2 0.21912500000000001 0.7005 0.10625 0.027
1 0.111375 0.7093333333333333 0.043250000000000004 0.026666666666666665
0 0.143625 0.2831666666666667 0.01925 0.11566666666666667
0 0.141375 0.10166666666666667 0.02075 0.20333333333333334
0 0.369375 0.09116666666666666 0.03125 0.13899999999999998
0 0.46337500000000004 0.7261666666666666 0.035250000000000004 0.07566666666666666
2 0.46525 0.6891666666666666 0.1365 0.017666666666666667
0 0.28275 0.4998333333333333 0.0185 0.995
0 0.14775 0.5265 0.027 0.35633333333333334
0 0.11875000000000001 0.4265 0.0605 0.018333333333333333
0 0.1905 0.4116666666666666 0.019 0.09799999999999999
0 0.414125 0.42516666666666664 0.04525 0.427
0 0.470875 0.6041666666666666 0.01925 0.15833333333333333
0 0.537375 0.9179999999999999 0.012750000000000001 0.15733333333333333
0 0.73625 0.951 0.018000000000000002 0.09733333333333333
0 0.7735 0.9764999999999999 0.0085 0.04633333333333333
