0 0.503875 0.23016666666666666 0.06275 0.3923333333333333
0 0.45125 0.4445 0.105 0.030333333333333334
0 0.545125 0.6561666666666667 0.035750000000000004 0.24433333333333332
0 0.56175 0.7893333333333333 0.2085 0.030666666666666665
0 0.3175 0.010833333333333334 0.1335 0.021666666666666667
2 0.41100000000000003 0.25166666666666665 0.5325 0.022
2 0.40675 0.5856666666666667 0.539 0.026666666666666665
0 0.234125 0.12933333333333333 0.03175 0.2513333333333333
0 0.91925 0.3343333333333333 0.137 0.03866666666666667
0 0.393 0.5013333333333333 0.0155 0.9966666666666666
0 0.48175 0.017833333333333333 0.16 0.035666666666666666
0 0.470375 0.6875 0.07975 0.05366666666666667
0 0.9742500000000001 0.40449999999999997 0.039 0.09433333333333332
