0 0.19475 0.5028333333333334 0.03 0.9936666666666666
0 0.46225 0.3466666666666667 0.0385 0.6933333333333334
0 0.44325000000000003 0.8616666666666667 0.025 0.27599999999999997
0 0.129625 0.7213333333333333 0.10775 0.06933333333333333
1 0.22425 0.4031666666666667 0.17300000000000001 0.061
0 0.235125 0.18833333333333332 0.03425 0.29533333333333334
0 0.240375 0.5641666666666666 0.01625 0.29633333333333334
0 0.34 0.31016666666666665 0.0565 0.061
0 0.52025 0.3175 0.0795 0.06033333333333333
0 0.396125 0.5539999999999999 0.02075 0.28933333333333333
0 0.38525 0.246 0.0235 0.296
2 0.33575 0.10233333333333333 0.45 0.03
2 0.44025000000000003 0.7311666666666666 0.244 0.01633333333333333
3 0.46900000000000003 0.7165 0.012 0.021666666666666667
0 0.316625 0.501 0.01825 0.9973333333333333
3 0.4565 0.35133333333333333 0.0445 0.07933333333333333
0 0.3775 0.39266666666666666 0.11750000000000001 0.05733333333333333
0 0.273 0.2811666666666667 0.069 0.025666666666666667
1 0.201875 0.7211666666666666 0.02925 0.06033333333333333
0 0.26637500000000003 0.7233333333333333 0.09625 0.03733333333333333
0 0.56825 0.20033333333333334 0.016 0.3913333333333333
0 0.7735 0.1885 0.017 0.37566666666666665
0 0.408375 0.3095 0.05475 0.019
0 0.3565 0.6888333333333333 0.059500000000000004 0.026333333333333334
2 0.313125 0.6286666666666666 0.48125 0.034666666666666665
