0 0.392625 0.10883333333333332 0.12925 0.18966666666666665
0 0.34700000000000003 0.35716666666666663 0.034 0.36966666666666664
0 0.342125 0.7721666666666667 0.01825 0.45499999999999996
0 0.541875 0.06849999999999999 0.043750000000000004 0.12566666666666665
0 0.601125 0.30516666666666664 0.03625 0.30566666666666664
0 0.5357500000000001 0.6871666666666666 0.0275 0.33366666666666667
0 0.592125 0.6141666666666666 0.02925 0.20099999999999998
0 0.590375 0.873 0.15325 0.028666666666666667
0 0.337 0.825 0.2325 0.03733333333333333
0 0.352125 0.5461666666666667 0.22725 0.043
2 0.451375 0.5141666666666667 0.45375 0.01633333333333333
2 0.46137500000000004 0.15133333333333332 0.42575 0.021333333333333333
0 0.1215 0.4603333333333333 0.1315 0.17266666666666666
0 0.528 0.9415 0.0315 0.11633333333333333
0 0.46425 0.499 0.024 0.998
