0 0.34650000000000003 0.161 0.044 0.3153333333333333
0 0.467125 0.347 0.43575 0.06733333333333333
0 0.552875 0.541 0.035750000000000004 0.37
0 0.60075 0.863 0.0285 0.2733333333333333
0 0.354 0.5633333333333334 0.024 0.34199999999999997
0 0.41300000000000003 0.7563333333333333 0.1135 0.03933333333333333
2 0.471625 0.586 0.44075000000000003 0.04666666666666666
2 0.46825 0.73 0.4235 0.025333333333333333
0 0.47675 0.49866666666666665 0.017 0.9973333333333333
2 0.3605 0.009833333333333333 0.23450000000000001 0.013666666666666666
2 0.464 0.37366666666666665 0.45 0.02333333333333333
