0 0.306125 0.2585 0.03775 0.5056666666666666
0 0.382625 0.19183333333333333 0.03075 0.38366666666666666
0 0.516625 0.08283333333333333 0.02675 0.15833333333333333
0 0.57825 0.11366666666666667 0.0235 0.12466666666666666
0 0.525375 0.5045 0.05775 0.061
0 0.377625 0.48316666666666663 0.09775 0.045
0 0.3055 0.9588333333333333 0.0565 0.08166666666666667
0 0.5385 0.9106666666666666 0.1985 0.04466666666666667
2 0.53525 0.7551666666666667 0.199 0.028999999999999998
2 0.3225 0.9059999999999999 0.225 0.03333333333333333
2 0.428375 0.5436666666666666 0.43925000000000003 0.038
2 0.42912500000000003 0.16683333333333333 0.41875 0.016999999999999998
0 0.285625 0.7865 0.03925 0.181
0 0.433125 0.5006666666666667 0.02875 0.998
0 0.509375 0.3243333333333333 0.051750000000000004 0.30933333333333335
0 0.46525 0.48216666666666663 0.057 0.024999999999999998
0 0.52225 0.9613333333333333 0.024 0.07666666666666666
