0 0.33087500000000003 0.21483333333333332 0.03325 0.42966666666666664
0 0.31025 0.625 0.022 0.35933333333333334
0 0.39887500000000004 0.6224999999999999 0.02825 0.3496666666666667
0 0.507875 0.249 0.02675 0.364
0 0.514 0.9016666666666666 0.025500000000000002 0.19599999999999998
0 0.593 0.6148333333333333 0.074 0.36366666666666664
0 0.5720000000000001 0.2718333333333333 0.033 0.3263333333333333
2 0.448625 0.44266666666666665 0.41725 0.036
0 0.395625 0.04716666666666666 0.10225000000000001 0.039
0 0.39275 0.19033333333333333 0.116 0.024
2 0.441625 0.8013333333333333 0.40425 0.018
0 0.48175 0.05983333333333333 0.0475 0.015666666666666666
0 0.479625 0.19566666666666666 0.05375 0.029333333333333333
0 0.47325 0.4051666666666667 0.043000000000000003 0.016999999999999998
0 0.613375 0.30233333333333334 0.03625 0.268
0 0.546625 0.8223333333333334 0.059250000000000004 0.03133333333333333
0 0.312 0.9016666666666666 0.025 0.19599999999999998
0 0.39937500000000004 0.9025 0.02075 0.19433333333333333
0 0.509125 0.6208333333333333 0.03175 0.353
0 0.480125 0.6878333333333333 0.06875 0.027666666666666666
0 0.417125 0.6815 0.05525 0.015
0 0.47825 0.4825 0.048 0.027
0 0.374125 0.5066666666666666 0.029750000000000002 0.122
0 0.446875 0.5016666666666667 0.01925 0.996
