0 0.360875 0.3416666666666667 0.035750000000000004 0.6819999999999999
0 0.56075 0.347 0.033 0.6846666666666666
0 0.6218750000000001 0.3511666666666667 0.05225 0.7023333333333334
0 0.629 0.866 0.065 0.2673333333333333
0 0.5565 0.8955 0.0455 0.20833333333333331
0 0.446875 0.8606666666666667 0.04775 0.27799999999999997
0 0.36112500000000003 0.8531666666666666 0.03625 0.263
2 0.430375 0.7065 0.32225 0.041666666666666664
2 0.672875 0.7208333333333333 0.11425 0.019
3 0.39187500000000003 0.347 0.02075 0.04066666666666666
2 0.459 0.2885 0.165 0.03233333333333333
2 0.683625 0.29433333333333334 0.06825 0.022
2 0.312875 0.2891666666666667 0.10225000000000001 0.015666666666666666
0 0.525625 0.642 0.06075 0.014666666666666666
0 0.4955 0.504 0.0145 0.9913333333333333
