0 0.36175 0.20433333333333334 0.02 0.4086666666666667
0 0.556125 0.15066666666666667 0.02675 0.2806666666666667
0 0.452625 0.38566666666666666 0.08075 0.06866666666666667
1 0.396 0.43216666666666664 0.1825 0.028999999999999998
0 0.55375 0.4418333333333333 0.018000000000000002 0.27566666666666667
0 0.58225 0.42416666666666664 0.0285 0.2563333333333333
0 0.5720000000000001 0.9283333333333333 0.02 0.14266666666666666
0 0.444375 0.5988333333333333 0.09575 0.027666666666666666
0 0.4945 0.501 0.0195 0.9973333333333333
2 0.50825 0.13949999999999999 0.4335 0.01633333333333333
2 0.489375 0.8594999999999999 0.47025 0.01633333333333333
2 0.491 0.5045 0.4425 0.015666666666666666
0 0.629 0.14733333333333332 0.023 0.29466666666666663
0 0.6355000000000001 0.4405 0.022 0.2823333333333333
0 0.633875 0.7918333333333333 0.021750000000000002 0.41566666666666663
2 0.605375 0.5793333333333334 0.21825 0.041999999999999996
0 0.59075 0.2995 0.1695 0.041666666666666664
