0 0.433625 0.22849999999999998 0.04875 0.44766666666666666
0 0.47875 0.5958333333333333 0.0245 0.267
0 0.598375 0.3198333333333333 0.04925 0.6363333333333333
0 0.6715 0.04466666666666667 0.008 0.08933333333333333
3 0.607625 0.733 0.16425 0.11066666666666666
0 0.41975 0.7288333333333333 0.097 0.028333333333333332
0 0.515875 0.7274999999999999 0.025750000000000002 0.020999999999999998
0 0.7030000000000001 0.7484999999999999 0.0505 0.03966666666666666
2 0.442875 0.10266666666666667 0.18975 0.013333333333333332
0 0.6577500000000001 0.16683333333333333 0.176 0.02033333333333333
2 0.5553750000000001 0.44166666666666665 0.41925 0.024666666666666667
0 0.542875 0.3913333333333333 0.01225 0.778
0 0.55275 0.8906666666666666 0.0095 0.218
2 0.7285 0.7753333333333333 0.0815 0.022666666666666665
2 0.6551250000000001 0.09383333333333332 0.21325 0.019666666666666666
0 0.468375 0.8704999999999999 0.03675 0.2583333333333333
0 0.656625 0.13133333333333333 0.01225 0.06466666666666666
0 0.6545 0.29983333333333334 0.0325 0.27499999999999997
0 0.6627500000000001 0.5671666666666666 0.049 0.22566666666666665
