2 0.5205 0.26916666666666667 0.4635 0.022333333333333334
0 0.4635 0.135 0.021 0.2693333333333333
0 0.51475 0.033666666666666664 0.038 0.064
0 0.669375 0.13183333333333333 0.02725 0.26366666666666666
0 0.727125 0.008833333333333334 0.08425 0.012333333333333333
0 0.37975000000000003 0.534 0.027 0.52
0 0.41250000000000003 0.8586666666666667 0.2135 0.028
2 0.638875 0.9698333333333333 0.22675 0.022333333333333334
0 0.603625 0.0775 0.04575 0.14966666666666667
2 0.41475 0.6365 0.225 0.016999999999999998
2 0.62775 0.6211666666666666 0.2 0.015
0 0.528 0.5035 0.0165 0.9923333333333333
0 0.6615 0.44416666666666665 0.0365 0.351
0 0.6615 0.7969999999999999 0.028 0.3473333333333333
0 0.61325 0.6668333333333333 0.067 0.02033333333333333
