2 0.41875 0.42633333333333334 0.203 0.017333333333333333
2 0.522375 0.06233333333333333 0.45325 0.026
0 0.6565 0.4405 0.034 0.8643333333333333
0 0.588375 0.32466666666666666 0.11175 0.03133333333333333
0 0.718375 0.3411666666666667 0.09825 0.029666666666666664
0 0.462625 0.18133333333333332 0.02775 0.35133333333333333
1 0.467375 0.37966666666666665 0.10475 0.043333333333333335
0 0.3885 0.5761666666666666 0.0175 0.389
0 0.586125 0.8713333333333333 0.10225000000000001 0.03733333333333333
0 0.5745 0.9445 0.019 0.11033333333333332
0 0.721875 0.8721666666666666 0.08925 0.034333333333333334
0 0.701875 0.13533333333333333 0.06675 0.02
0 0.6022500000000001 0.1445 0.053 0.10099999999999999
0 0.653875 0.9425 0.02225 0.11433333333333333
0 0.530625 0.5 0.01425 0.9993333333333333
2 0.58725 0.7678333333333333 0.10200000000000001 0.015666666666666666
2 0.721875 0.7636666666666666 0.08925 0.011333333333333332
2 0.40800000000000003 0.7771666666666667 0.217 0.018333333333333333
0 0.38575 0.8913333333333333 0.016 0.21266666666666667
2 0.6511250000000001 0.41516666666666663 0.22225 0.01633333333333333
0 0.5806250000000001 0.025166666666666667 0.00925 0.050333333333333334
0 0.355125 0.3728333333333333 0.11325 0.031
