0 0.4675 0.11333333333333333 0.0365 0.22666666666666666
0 0.59025 0.10033333333333333 0.0335 0.184
0 0.648375 0.11499999999999999 0.04075 0.22866666666666666
0 0.449625 0.47733333333333333 0.04925 0.35666666666666663
0 0.41350000000000003 0.6729999999999999 0.2245 0.034666666666666665
0 0.412875 0.8291666666666666 0.02325 0.3363333333333333
0 0.48962500000000003 0.7695 0.03075 0.19433333333333333
0 0.677625 0.6508333333333333 0.14925 0.04833333333333333
0 0.649375 0.8454999999999999 0.05575 0.30833333333333335
0 0.731875 0.7808333333333333 0.06375 0.028333333333333332
0 0.7036250000000001 0.8503333333333333 0.06125 0.046
3 0.565125 0.7045 0.06725 0.11233333333333333
3 0.62775 0.2525 0.2085 0.10833333333333332
0 0.44325000000000003 0.2555 0.14200000000000002 0.041
0 0.571125 0.8523333333333333 0.02925 0.17133333333333334
0 0.603625 0.878 0.02275 0.21133333333333332
0 0.531 0.15516666666666667 0.0095 0.30433333333333334
0 0.546375 0.48183333333333334 0.02125 0.33899999999999997
0 0.53025 0.8368333333333333 0.009000000000000001 0.32566666666666666
0 0.35875 0.7711666666666667 0.08650000000000001 0.11766666666666667
0 0.618125 0.16933333333333334 0.03625 0.015333333333333332
0 0.56125 0.020666666666666667 0.053 0.012
0 0.56075 0.056499999999999995 0.048 0.016999999999999998
2 0.713375 0.9853333333333333 0.08425 0.020666666666666667
