0 0.42412500000000003 0.11383333333333333 0.02825 0.22766666666666666
1 0.477625 0.3695 0.11775000000000001 0.04566666666666667
3 0.68125 0.33566666666666667 0.041 0.033999999999999996
1 0.354625 0.385 0.12075 0.035333333333333335
0 0.608125 0.13966666666666666 0.029750000000000002 0.2793333333333333
0 0.66225 0.1465 0.037 0.2876666666666667
0 0.664 0.6699999999999999 0.045 0.6513333333333333
0 0.726625 0.43066666666666664 0.07225 0.028
0 0.46825 0.5286666666666666 0.017 0.30666666666666664
0 0.514 0.43666666666666665 0.035 0.09999999999999999
0 0.381875 0.8123333333333334 0.02925 0.22466666666666665
3 0.5935 0.32616666666666666 0.1215 0.09766666666666667
0 0.5327500000000001 0.501 0.0165 0.9973333333333333
2 0.53125 0.6866666666666666 0.4525 0.020666666666666667
2 0.409125 0.13666666666666666 0.22775 0.012
2 0.650875 0.13033333333333333 0.23775000000000002 0.010666666666666666
2 0.732 0.3353333333333333 0.068 0.012
1 0.42512500000000003 0.2595 0.02775 0.06366666666666666
0 0.445875 0.27399999999999997 0.012750000000000001 0.056
0 0.564875 0.225 0.06275 0.02333333333333333
0 0.213125 0.10266666666666667 0.14425 0.06266666666666666
