0 0.61825 0.11066666666666666 0.029500000000000002 0.164
0 0.6695 0.26816666666666666 0.0475 0.5196666666666666
0 0.64975 0.8835 0.022 0.23233333333333334
0 0.67775 0.8856666666666666 0.20550000000000002 0.034666666666666665
0 0.454 0.9376666666666666 0.2105 0.03866666666666667
0 0.45275 0.7386666666666667 0.0395 0.38866666666666666
0 0.5185 0.5728333333333333 0.045 0.08499999999999999
0 0.45387500000000003 0.058166666666666665 0.21325 0.051
0 0.731875 0.16616666666666666 0.08125 0.027666666666666666
0 0.5650000000000001 0.5013333333333333 0.018000000000000002 0.9966666666666666
2 0.6645 0.5381666666666667 0.198 0.015
2 0.477125 0.5321666666666667 0.17125 0.008333333333333333
2 0.675875 0.8528333333333333 0.21525 0.015666666666666666
2 0.51825 0.8488333333333333 0.0905 0.012333333333333333
2 0.474375 0.19233333333333333 0.17925 0.01
2 0.6627500000000001 0.19749999999999998 0.1915 0.013
0 0.45987500000000003 0.9698333333333333 0.01975 0.059666666666666666
0 0.609375 0.36533333333333334 0.021750000000000002 0.3373333333333333
0 0.658375 0.17683333333333331 0.05675 0.029666666666666664
0 0.67525 0.6478333333333333 0.0165 0.23099999999999998
0 0.666125 0.5713333333333334 0.07175000000000001 0.054
0 0.509125 0.021166666666666667 0.01375 0.04033333333333333
0 0.505625 0.1335 0.02075 0.10366666666666666
0 0.513875 0.36333333333333334 0.03075 0.33466666666666667
0 0.601375 0.9493333333333333 0.02275 0.10066666666666667
0 0.601875 0.6973333333333334 0.02925 0.324
0 0.636 0.4731666666666666 0.0155 0.11433333333333333
