0 0.4565 0.33216666666666667 0.0415 0.6456666666666666
0 0.451125 0.84 0.02675 0.3193333333333333
0 0.526375 0.7978333333333333 0.02275 0.4036666666666667
0 0.717125 0.12833333333333333 0.03275 0.25666666666666665
0 0.71425 0.422 0.0525 0.31466666666666665
0 0.693375 0.7421666666666666 0.03975 0.31033333333333335
0 0.47300000000000003 0.29816666666666664 0.1895 0.027
0 0.582875 0.5021666666666667 0.01325 0.995
2 0.46900000000000003 0.251 0.224 0.012
2 0.688125 0.262 0.21425 0.011333333333333332
2 0.472125 0.589 0.22275 0.012666666666666666
2 0.6855 0.5885 0.19 0.007666666666666666
2 0.68975 0.9058333333333333 0.2145 0.015666666666666666
2 0.485 0.9079999999999999 0.191 0.012666666666666666
0 0.646 0.5186666666666666 0.108 0.018666666666666665
0 0.66925 0.9521666666666666 0.053 0.095
0 0.630625 0.9556666666666667 0.02925 0.088
0 0.646375 0.13 0.02775 0.258
0 0.642375 0.42616666666666664 0.02725 0.327
0 0.6128750000000001 0.7488333333333334 0.06075 0.31566666666666665
0 0.644 0.13716666666666666 0.124 0.024333333333333332
0 0.611625 0.22733333333333333 0.05225 0.011333333333333332
0 0.5245 0.21733333333333332 0.0945 0.020666666666666667
0 0.654 0.7466666666666666 0.0165 0.074
