0 0.619125 0.33699999999999997 0.051750000000000004 0.352
0 0.6425 0.07666666666666666 0.0235 0.15333333333333332
0 0.458 0.20933333333333332 0.033 0.39599999999999996
0 0.449625 0.7525 0.03925 0.493
0 0.707 0.6855 0.046 0.3303333333333333
0 0.7015 0.9259999999999999 0.02 0.14733333333333332
0 0.630125 0.7895 0.035750000000000004 0.42033333333333334
0 0.6910000000000001 0.3813333333333333 0.117 0.044
0 0.5251250000000001 0.20316666666666666 0.08425 0.05433333333333333
2 0.67375 0.1595 0.1995 0.017666666666666667
2 0.4655 0.16433333333333333 0.2095 0.020666666666666667
2 0.677 0.5136666666666666 0.20600000000000002 0.008666666666666666
2 0.487375 0.5066666666666666 0.16375 0.015333333333333332
0 0.5730000000000001 0.5003333333333333 0.018000000000000002 0.9986666666666666
0 0.688625 0.07683333333333334 0.01875 0.14233333333333334
2 0.46575 0.839 0.212 0.022666666666666665
2 0.67725 0.8538333333333333 0.1915 0.016999999999999998
0 0.709 0.4498333333333333 0.025500000000000002 0.103
