0 0.464125 0.020999999999999998 0.01325 0.041999999999999996
0 0.5317500000000001 0.419 0.04 0.3213333333333333
0 0.64125 0.2783333333333333 0.126 0.03266666666666666
0 0.5972500000000001 0.33249999999999996 0.0465 0.09166666666666666
0 0.6773750000000001 0.5328333333333333 0.20175 0.075
0 0.634875 0.7 0.02925 0.24133333333333332
2 0.43925000000000003 0.9293333333333333 0.0995 0.025333333333333333
2 0.468625 0.24316666666666667 0.19725 0.04833333333333333
0 0.571375 0.5013333333333333 0.012750000000000001 0.9966666666666666
2 0.672125 0.9035 0.18875 0.013666666666666666
2 0.691375 0.2533333333333333 0.18875 0.021333333333333333
2 0.676125 0.5781666666666666 0.19675 0.015666666666666666
2 0.443625 0.5806666666666667 0.09475 0.009333333333333332
0 0.5195 0.7645 0.024 0.29566666666666663
0 0.51825 0.963 0.015 0.07333333333333333
0 0.655625 0.7953333333333333 0.16325 0.02
