0 0.5171250000000001 0.8513333333333333 0.03425 0.29666666666666663
0 0.6365000000000001 0.018833333333333334 0.11850000000000001 0.036333333333333336
0 0.6415 0.14816666666666667 0.028 0.21833333333333332
0 0.698625 0.26216666666666666 0.09425 0.025666666666666667
0 0.619 0.6094999999999999 0.0175 0.183
0 0.67975 0.5026666666666666 0.2235 0.051333333333333335
0 0.675 0.758 0.045 0.482
0 0.733375 0.6758333333333333 0.08675000000000001 0.027666666666666666
0 0.46475 0.5701666666666666 0.214 0.053
0 0.46825 0.3923333333333333 0.1905 0.033999999999999996
0 0.694625 0.378 0.05075 0.16
2 0.4415 0.041666666666666664 0.0955 0.024666666666666667
2 0.57875 0.375 0.385 0.012
0 0.56775 0.5013333333333333 0.016 0.9966666666666666
2 0.56625 0.7056666666666667 0.4175 0.013333333333333332
2 0.5115000000000001 0.5503333333333333 0.024 0.3113333333333333
0 0.51825 0.22583333333333333 0.0235 0.319
1 0.5171250000000001 0.0485 0.03275 0.03233333333333333
0 0.51975 0.0165 0.014 0.033
2 0.6695 0.0375 0.1985 0.015
0 0.60775 0.8528333333333333 0.0365 0.29366666666666663
