0 0.39179687500000004 0.47847222222222224 0.06796875000000001 0.8152777777777778
0 0.5828125000000001 0.044444444444444446 0.28125 0.08888888888888889
0 0.766796875 0.28125 0.10234375000000001 0.5402777777777777
0 0.8828125 0.32430555555555557 0.0578125 0.6402777777777778
0 0.8324218750000001 0.5847222222222223 0.05234375 0.275
0 0.759375 0.6 0.0328125 0.1388888888888889
0 0.73203125 0.8520833333333334 0.0625 0.2652777777777778
0 0.812109375 0.93125 0.014843750000000001 0.07361111111111111
0 0.792578125 0.9722222222222222 0.022656250000000003 0.05277777777777778
0 0.18476562500000002 0.46875 0.36328125 0.12916666666666668
0 0.14296875 0.2013888888888889 0.028125 0.275
